time,pnl,long_pnl,benchmark_ret,cum_pnl,cum_long_pnl,cum_benchmark_ret,excess_ret,cum_excess_ret,turnover
2018-01-15,0.0,0.0,0.0,0.0,0.0,0.0,0.0,0.0,0.0
2018-01-16,0.0006951274652948852,0.0002852496086173429,0.0004571802547014,0.0006951274652948852,0.0002852496086173429,0.0004571802547014,-0.00017193064608405712,-0.00017193064608405712,0.1
2018-01-17,-1.4179430261071013e-05,0.0005652615124515851,0.0084864318103431,0.0006809480350338142,0.0008505111210689281,0.008943612065044501,-0.007921170297891515,-0.008093100943975574,0.1
2018-01-18,0.000289892617422859,-0.0001258642707322296,0.0024095949573153,0.0009708406524566733,0.0007246468503366984,0.011353207022359802,-0.0025354592280475295,-0.010628560172023103,0.09999999999999999
2018-01-19,-0.00019043986784636577,0.003242059561998626,0.0072890221381988,0.0007804007846103075,0.003966706412335324,0.0186422291605586,-0.004046962576200174,-0.014675522748223277,0.1
2018-01-22,-0.00035165561907570415,0.0010976488722944516,0.0122525929284334,0.00042874516553460335,0.005064355284629776,0.030894822088992,-0.011154944056138948,-0.025830466804362226,0.09999999999999999
2018-01-23,0.00023582497645694886,0.003798849114118345,0.0029174739577414,0.0006645701419915522,0.00886320439874812,0.0338122960467334,0.000881375156376945,-0.02494909164798528,0.09999999999999999
2018-01-24,0.00045435065571120366,-0.0010539077583548316,-0.0045137009955697,0.0011189207977027559,0.007809296640393289,0.029298595051163702,0.0034597932372148685,-0.021489298410770415,0.09999999999999999
2018-01-25,-0.0005984481722299745,-0.0018483389737732861,0.0022214894968308,0.0005204726254727813,0.005960957666620003,0.0315200845479945,-0.004069828470604086,-0.025559126881374496,0.1
2018-01-26,-0.0015005517613863343,-0.01232468913210204,-0.0131554438272445,-0.000980079135913553,-0.006363731465482036,0.018364640720750003,0.0008307546951424605,-0.02472837218623204,0.1
2018-01-29,0.006478231267258248,-0.0005067078225647004,-0.0094684813310998,0.005498152131344695,-0.0068704392880467365,0.008896159389650203,0.008961773508535099,-0.01576659867769694,0.09999999999999999
2018-01-30,-0.005080751322125326,-0.02644681612893041,-0.0058092172982445,0.00041740080921936866,-0.033317255416977144,0.003086942091405704,-0.02063759883068591,-0.03640419750838285,0.05209752489936674
2018-01-31,-0.011997161279471773,-0.04619621016731057,-0.0163677791574413,-0.011579760470252404,-0.07951346558428771,-0.013280837066035594,-0.02982843100986927,-0.06623262851825211,0.05268461762811834
2018-02-01,-0.009278414094522298,-0.00813495070398618,0.0027738549244159,-0.020858174564774703,-0.08764841628827388,-0.010506982141619693,-0.010908805628402081,-0.0771414341466542,0.05333432096538564
2018-02-02,-0.0013560772268477383,-0.005468066930515265,0.0035602970865158,-0.022214251791622442,-0.09311648321878915,-0.006946685055103893,-0.009028364017031065,-0.08616979816368527,0.05201136664274051
2018-02-05,-0.008411942411558581,-0.059442923728124285,-0.0394024738641026,-0.030626194203181023,-0.15255940694691345,-0.0463491589192065,-0.020040449864021682,-0.10621024802770695,0.05115347555447111
2018-02-06,0.006885357931705954,0.006025121191226788,-0.0187612805149326,-0.02374083627147507,-0.14653428575568667,-0.06511043943413909,0.024786401706159387,-0.08142384632154757,0.05076364481153742
2018-02-07,0.008047468379767058,0.01552866518556873,-0.0088285936069091,-0.015693367891708013,-0.13100562057011794,-0.0739390330410482,0.02435725879247783,-0.05706658752906975,0.04971876982869789
2018-02-08,0.009819982160076351,-0.03175167654162419,-0.0403640234984652,-0.005873385731631662,-0.16275729711174214,-0.11430305653951339,0.008612346956841009,-0.048454240572228746,0.04972793476563127
2018-02-09,0.0008090529727557457,0.025374623988820677,0.0132002974525211,-0.005064332758875916,-0.13738267312292146,-0.10110275908699229,0.012174326536299577,-0.03627991403592917,0.049714380534102556
2018-02-12,0.0007306821270088665,0.002442542928478531,0.009273466138819,-0.004333650631867049,-0.13494013019444293,-0.09182929294817328,-0.00683092321034047,-0.04311083724626964,0.04943536873467005
2018-02-13,0.0020446957200104176,0.0035770955037477993,0.0049711906579792,-0.002288954911856631,-0.13136303469069513,-0.08685810229019408,-0.0013940951542314008,-0.044504932400501046,0.04972152938107618
2018-02-14,-0.005207501582525472,0.017622561631897,0.0221415228567732,-0.007496456494382103,-0.11374047305879813,-0.06471657943342088,-0.004518961224876203,-0.04902389362537725,0.050223020058893196
2018-02-22,-0.002055240415425814,0.0033599713165669283,0.004362382426002,-0.009551696909807917,-0.1103805017422312,-0.060354197007418876,-0.0010024111094350716,-0.05002630473481232,0.05162521185386614
2018-02-23,-0.0014793503836892784,0.022829234547628433,0.0152879725627799,-0.011031047293497196,-0.08755126719460277,-0.04506622444463898,0.007541261984848533,-0.042485042749963786,0.053361507423915135
2018-02-26,0.004533125004294264,0.0030788401335346827,-0.0111838773992902,-0.006497922289202931,-0.08447242706106808,-0.05625010184392918,0.014262717532824883,-0.028222325217138904,0.05479694763811043
2018-02-27,0.0052702159979951075,0.004581892757636854,-0.0060116291402169,-0.0012277062912078238,-0.07989053430343122,-0.06226173098414608,0.010593521897853755,-0.017628803319285145,0.0541484201566168
2018-02-28,0.005326252363563077,0.01602959871196997,0.006437892737932,0.0040985460723552535,-0.06386093559146125,-0.05582383824621408,0.00959170597403797,-0.008037097345247171,0.05572846959410646
2018-03-01,0.00562301231887413,-0.0030442550407552347,-0.0067206159159254,0.009721558391229384,-0.06690519063221648,-0.06254445416213948,0.003676360875170165,-0.004360736470076995,0.05680810055130985
2018-03-02,0.004663482112733565,0.007091836317822236,0.0014333300394533,0.01438504050396295,-0.05981335431439424,-0.06111112412268618,0.005658506278368936,0.0012977698082919445,0.05577969946122749
2018-03-05,-0.002667021702501306,0.010986367870010795,0.0105015926085664,0.011718018801461644,-0.04882698644438344,-0.05060953151411979,0.00048477526144439544,0.0017825450697363451,0.05816645931591831
2018-03-06,-0.0011547076661387074,-0.008047237425161226,-0.0060439322536637,0.010563311135322936,-0.05687422386954467,-0.05665346376778349,-0.0020033051714975257,-0.00022076010176117628,0.05731323528295116
2018-03-07,0.0025977601765989674,0.009141382152934568,0.0063003721024472,0.013161071311921903,-0.0477328417166101,-0.05035309166533629,0.0028410100504873675,0.002620249948726186,0.056781270035564296
2018-03-08,0.00328151128055622,0.017444885323475056,0.0092843741842354,0.016442582592478123,-0.030287956393135047,-0.041068717481100886,0.008160511139239657,0.01078076108796584,0.055221234245977156
2018-03-09,0.0006991748742112365,0.01564027583485982,0.0074090937429672,0.017141757466689358,-0.014647680558275228,-0.033659623738133686,0.008231182091892619,0.019011943179858458,0.054876479588022956
2018-03-12,0.001214895147517589,-0.004078993762650751,-0.0055736462915819,0.018356652614206947,-0.01872667432092598,-0.039233270029715585,0.0014946525289311488,0.020506595708789606,0.05602529466551612
2018-03-13,-0.001731001613817882,-0.011549905806169027,-0.0078678731097676,0.016625651000389065,-0.030276580127095006,-0.04710114313948319,-0.003682032696401426,0.01682456301238818,0.05508615659542062
2018-03-14,-0.0011386311557853204,-0.00565510621842748,0.000265970266915,0.015487019844603746,-0.03593168634552248,-0.046835172872568186,-0.0059210764853424806,0.010903486527045703,0.05410356471209499
2018-03-15,0.00516397456714837,0.0001545010902711257,-0.0074735368176534,0.020650994411752117,-0.03577718525525136,-0.054308709690221585,0.007628037907924526,0.018531524434970227,0.05491172077178061
2018-03-16,0.005315099143313276,0.004253671183816323,0.0028343829013538,0.025966093555065392,-0.031523514071435034,-0.051474326788867784,0.0014192882824625229,0.01995081271743275,0.05300537978547185
2018-03-19,0.0018206233418207511,0.0031299908043000155,0.0030773033862736,0.027786716896886145,-0.02839352326713502,-0.048397023402594185,5.268741802641561e-05,0.020003500135459165,0.05225719799666376
2018-03-20,0.0045171181154839745,-0.004144454076499438,-0.0046435811776734,0.03230383501237012,-0.03253797734363446,-0.05304060458026758,0.0004991271011739618,0.020502627236633125,0.051925432464148026
2018-03-21,0.005273723876555644,0.003118901387110173,-0.0060027676220498,0.03757755888892576,-0.029419075956524283,-0.05904337220231738,0.009121669009159972,0.0296242962457931,0.0516003529502518
2018-03-22,-0.0005259641810045414,-0.05912556359907726,-0.0392954079455939,0.03705159470792122,-0.08854463955560155,-0.09833878014791128,-0.01983015565348336,0.009794140592309736,0.05184157591552474
2018-03-23,-0.0007518283806809838,0.013275275365974518,-0.0022663349052287,0.03629976632724024,-0.07526936418962703,-0.10060511505313999,0.015541610271203217,0.02533575086351296,0.05173193302421591
2018-03-26,0.0027314786890317235,0.02687404190692455,0.013417937924394,0.03903124501627196,-0.04839532228270248,-0.08718717712874599,0.01345610398253055,0.038791854846043514,0.051378010423721816
2018-03-27,0.00688235071829015,-0.0034604787566057116,-0.0131868565328546,0.045913595734562114,-0.05185580103930819,-0.1003740336616006,0.009726377776248888,0.048518232622292407,0.05185484372894518
2018-03-28,0.0002722105564055651,0.011283131775089416,0.0124141198898849,0.046185806290967676,-0.04057266926421877,-0.08795991377171569,-0.0011309881147954833,0.04738724450749692,0.0507037709443539
2018-03-29,0.002705015980252631,0.01563617392066898,0.0059223084628879,0.04889082227122031,-0.024936495343549792,-0.0820376053088278,0.009713865457781079,0.05710110996527801,0.05097334439477845
2018-03-30,0.001726176391578171,0.0046961219280228774,-0.0023101016458123,0.05061699866279848,-0.020240373415526914,-0.0843477069546401,0.007006223573835178,0.06410733353911319,0.050924373260750506
2018-04-02,0.002842702878185478,-0.00920030133214521,-0.0088982250347259,0.05345970154098396,-0.029440674747672126,-0.093245931989366,-0.00030207629741930975,0.06380525724169386,0.05121458441343006
2018-04-03,0.0010520807177983626,-0.006306442287498411,-0.0042008180568649,0.05451178225878232,-0.035747117035170535,-0.09744675004623089,-0.002105624230633511,0.06169963301106036,0.052226895250528156
2018-04-04,0.004563866291814464,0.0036276913896027977,0.0006072309700014,0.05907564855059678,-0.03211942564556774,-0.0968395190762295,0.003020460419601398,0.06472009343066176,0.053275010798999614
2018-04-09,-0.001999879083990048,0.0020037267431207463,0.0145527930938078,0.05707576946660673,-0.030115698902446992,-0.08228672598242169,-0.012549066350687053,0.0521710270799747,0.0536007752536292
2018-04-10,0.002997838036575627,0.008367676385592193,0.0054934588640355,0.06007360750318236,-0.0217480225168548,-0.07679326711838619,0.002874217521556693,0.05504524460153139,0.05378297581057158
2018-04-11,0.00442450811301941,-0.003801352190546061,-0.0093124400740539,0.06449811561620176,-0.025549374707400863,-0.0861057071924401,0.005511087883507839,0.060556332485039235,0.054939440433931376
2018-04-12,0.0021301484274008687,-0.0023405264787762234,-0.005864132284837,0.06662826404360263,-0.027889901186177086,-0.09196983947727709,0.0035236058060607763,0.06407993829110001,0.05586127524197249
2018-04-13,-0.003508424767609887,-0.008192421196465618,-0.0141142081113379,0.06311983927599274,-0.0360823223826427,-0.10608404758861499,0.005921786914872282,0.07000172520597228,0.05588151130065846
2018-04-16,-0.0005848775634131356,-0.023870291116991932,-0.0176382047707431,0.0625349617125796,-0.059952613499634634,-0.12372225235935809,-0.006232086346248833,0.06376963885972345,0.0560250733850863
2018-04-17,0.0015097204525967483,0.01203638126603392,0.0088789822273485,0.06404468216517635,-0.04791623223360071,-0.1148432701320096,0.0031573990386854194,0.06692703789840888,0.056051713490991396
2018-04-18,-0.0009846063282235493,0.0039486343356071995,0.0078253613687203,0.0630600758369528,-0.04396759789799351,-0.10701790876328929,-0.0038767270331131008,0.06305031086529578,0.05596905795284544
2018-04-19,0.0015627507604406951,-0.02296105865201367,-0.0164446833080689,0.0646228265973935,-0.06692865655000718,-0.12346259207135818,-0.006516375343944773,0.056533935521351,0.055698291180245885
2018-04-20,0.0027915234895823644,-0.00764340573251106,-0.003508394327043,0.06741435008697587,-0.07457206228251824,-0.12697098639840118,-0.00413501140546806,0.05239892411588294,0.056288975226190745
2018-04-23,-0.0004713172110183575,0.022052036516926537,0.0209514245938346,0.06694303287595751,-0.0525200257655917,-0.10601956180456658,0.0011006119230919376,0.05349953603897488,0.05646849349334207
2018-04-24,0.0054905527086582025,0.005445086185067347,-0.0023404571905488,0.07243358558461571,-0.047074939580524354,-0.10836001899511538,0.0077855433756161465,0.06128507941459103,0.05665790619590527
2018-04-25,0.005219214369131442,-0.018207376451651075,-0.0173651351134912,0.07765279995374716,-0.06528231603217544,-0.12572515410860657,-0.0008422413381598756,0.06044283807643114,0.05590696067070507
2018-04-26,0.00241580380727607,0.0018026768600297733,0.0029250596030998,0.08006860376102323,-0.06347963917214566,-0.12280009450550677,-0.0011223827430700266,0.05932045533336111,0.05615422258850831
2018-04-27,-0.0002384201801798908,-0.006580361606331635,-0.0003819155565568,0.07983018358084334,-0.0700600007784773,-0.12318201006206357,-0.006198446049774835,0.05312200928358628,0.05566986652413592
2018-05-02,0.0016598466008225623,0.010857221049034518,0.0070676946180105,0.08149003018166591,-0.059202779729442774,-0.11611431544405307,0.0037895264310240182,0.056911535714610294,0.05535162300688556
2018-05-03,0.0018666191183361065,-0.0016246680839944261,-0.0037678762987334,0.08335664930000201,-0.0608274478134372,-0.11988219174278647,0.0021432082147389737,0.05905474392934927,0.05628497322440782
2018-05-04,0.0014718897933206302,0.018222681335900492,0.0159374865775335,0.08482853909332265,-0.04260476647753671,-0.10394470516525298,0.0022851947583669915,0.06133993868771627,0.05671269584993413
2018-05-07,0.0013808930853690161,0.008147833841568487,0.0082551345310358,0.08620943217869166,-0.03445693263596822,-0.09568957063421718,-0.00010730068946731251,0.06123263799824896,0.05745645775581394
2018-05-08,0.004809980275466577,0.0020713545366375483,-0.0009964141960298,0.09101941245415823,-0.03238557809933067,-0.09668598483024698,0.003067768732667348,0.06430040673091632,0.05670313824083196
2018-05-09,0.0034432288357689814,0.006358716387050394,0.0049185175405204,0.09446264128992721,-0.026026861712280275,-0.09176746728972658,0.0014401988465299938,0.0657406055774463,0.05655217287694404
2018-05-10,-0.0017685076584239869,-0.012105017196798054,-0.0057064282485662,0.09269413363150322,-0.03813187890907833,-0.09747389553829278,-0.006398588948231854,0.05934201662921445,0.057189327095002365
2018-05-11,5.00457499657905e-05,-0.007504626107437884,0.0012447241836344,0.09274417938146902,-0.04563650501651621,-0.09622917135465837,-0.008749350291072284,0.05059266633814216,0.05751707089022157
2018-05-14,-0.00021510675632162508,0.010248953366639231,0.0060592332857271,0.0925290726251474,-0.03538755164987698,-0.09016993806893127,0.004189720080912131,0.05478238641905429,0.05791828527448756
2018-05-15,0.000555366758977297,-0.005281555644034397,-0.007523021347275,0.0930844393841247,-0.04066910729391138,-0.09769295941620627,0.0022414657032406027,0.057023852122294896,0.05826119876536486
2018-05-16,0.002582962792286701,-0.002246829008084251,-0.0056989657046233,0.0956674021764114,-0.042915936301995625,-0.10339192512082958,0.0034521366965390493,0.06047598881883395,0.0587809005487123
2018-05-17,0.0010490887672213929,0.005443694074014576,0.0097826076381051,0.09671649094363279,-0.03747224222798105,-0.09360931748272448,-0.004338913564090524,0.056137075254743436,0.0587189866011547
2018-05-18,-0.0011468430610123914,0.01272630414267173,0.0064221967688641,0.09556964788262039,-0.024745938085309317,-0.08718712071386038,0.00630410737380763,0.06244118262855106,0.05912882090903115
2018-05-21,0.0013165884883021178,0.003929135073851873,-0.0008328302098194,0.0968862363709225,-0.020816803011457444,-0.08801995092367979,0.004761965283671273,0.06720314791222234,0.05864707167332296
2018-05-22,-0.0022021875280402166,-0.012012480551989023,-0.0143704976809314,0.09468404884288228,-0.03282928356344647,-0.10239044860461119,0.0023580171289423763,0.06956116504116472,0.05720120666601314
2018-05-23,-0.0001803219459480245,-0.0026421106550845023,-0.0058317319895846,0.09450372689693426,-0.035471394218530974,-0.10822218059419579,0.0031896213345000974,0.07275078637566482,0.057081732070532534
2018-05-24,0.002985056663490915,-0.00954088003739365,-0.0057395528443244,0.09748878356042517,-0.04501227425592463,-0.11396173343852019,-0.003801327193069251,0.06894945918259557,0.05602004505697792
2018-05-25,0.0039004808066105253,-0.00794892055563136,-0.0020755815497218,0.1013892643670357,-0.052961194811555985,-0.11603731498824199,-0.00587333900590956,0.06307612017668601,0.0567230536444237
2018-05-28,0.0011672404057414501,-0.009369377536701617,-0.0083117622297824,0.10255650477277715,-0.062330572348257604,-0.12434907721802439,-0.001057615306919217,0.06201850486976679,0.05612269270485105
2018-05-29,-0.0032157312005914756,-0.039984574504886565,-0.0276398840751627,0.09934077357218568,-0.10231514685314416,-0.1519889612931871,-0.012344690429723866,0.04967381444004293,0.05625548929667916
2018-05-30,0.0024001338538292226,0.01668659695584494,0.017146280400359,0.10174090742601491,-0.08562854989729922,-0.13484268089282808,-0.0004596834445140599,0.04921413099552886,0.05601673302718418
2018-05-31,0.0010340170124273089,-0.010030464820037973,-0.0090865086951841,0.10277492443844222,-0.09565901471733719,-0.14392918958801218,-0.000943956124853873,0.04827017487067499,0.055236958133106834
2018-06-01,0.0032867739871551434,-0.0019368160114181371,0.0040829120082346,0.10606169842559736,-0.09759583072875533,-0.13984627757977758,-0.006019728019652737,0.04225044685102225,0.0529009476506764
2018-06-04,0.0028582290658902493,0.01568592452975217,0.0108976813042633,0.10891992749148761,-0.08190990619900315,-0.12894859627551428,0.00478824322548887,0.047038690076511125,0.05251465465396837
2018-06-05,0.0019077438955935702,0.0016451822794912813,-0.0014117419297887,0.11082767138708119,-0.08026472391951187,-0.130360338205303,0.0030569242092799813,0.050095614285791124,0.05315979708590578
2018-06-06,-0.004557257773584493,-0.010057659758426232,-0.0030742407305585,0.10627041361349669,-0.0903223836779381,-0.1334345789358615,-0.006983419027867732,0.0431121952579234,0.05309420050572035
2018-06-07,-0.002588772934120946,-0.01390254673941758,-0.0132165682494332,0.10368164067937574,-0.10422493041735569,-0.1466511471852947,-0.0006859784899843797,0.04242621676793902,0.05415736824229842
2018-06-08,-0.002366561009768722,-0.007267663768404349,-0.004823459551987,0.10131507966960702,-0.11149259418576003,-0.1514746067372817,-0.0024442042164173495,0.03998201255152166,0.05482133545478555
2018-06-11,0.000846977564796658,0.007733408519580331,0.0094067557932051,0.10216205723440368,-0.1037591856661797,-0.1420678509440766,-0.001673347273624769,0.03830866527789689,0.05579570286548603
2018-06-12,-0.00370245632144546,-0.01928881116597636,-0.0126882143012329,0.09845960091295822,-0.12304799683215606,-0.1547560652453095,-0.006600596864743461,0.031708068413153434,0.05762990874022525
2018-06-13,0.001623951888130242,-0.003737204250799435,-0.0030637149883331,0.10008355280108847,-0.1267852010829555,-0.1578197802336426,-0.0006734892624663349,0.031034579150687108,0.0571163076283925
2018-06-14,-0.0030902894004094217,-0.02477833429476074,-0.0097845011086874,0.09699326340067904,-0.15156353537771622,-0.16760428134233,-0.014993833186073339,0.016040745964613773,0.05975777594264637
2018-06-15,-0.009256062815440636,-0.07770126588014628,-0.047269493248359,0.0877372005852384,-0.2292648012578625,-0.214873774590689,-0.030431772631787278,-0.014391026667173512,0.0597290265692343
2018-06-19,0.00035010823077568455,0.01031561586319759,0.0047273978243444,0.08808730881601408,-0.2189491853946649,-0.2101463767663446,0.00558821803885319,-0.008802808628320308,0.058459667272713865
2018-06-20,-0.003589830039483736,-0.028276588356447366,-0.0166324420257565,0.08449747877653034,-0.24722577375111227,-0.2267788187921011,-0.011644146330690868,-0.020446954959011165,0.055977148696632895
2018-06-21,0.002238905750981456,0.01580587968676609,0.0072346094342784,0.0867363845275118,-0.23141989406434618,-0.2195442093578227,0.00857127025248769,-0.011875684706523476,0.05503607923779577
2018-06-22,0.0025099037049336787,-0.004490642619435305,-0.0107874856492637,0.08924628823244547,-0.23591053668378148,-0.23033169500708642,0.006296843029828395,-0.005578841676695062,0.05446494919472487
2018-06-25,0.002604481995075041,0.010587401936621837,-0.003486533048107,0.09185077022752051,-0.22532313474715965,-0.23381822805519342,0.014073934984728836,0.008495093308033774,0.05452061732762555
2018-06-26,0.0018519486056570477,-0.006565421721555091,-0.0137366174005636,0.09370271883317756,-0.23188855646871473,-0.247554845455757,0.007171195679008508,0.01566628898704228,0.05885798457359193
2018-06-27,0.004024884769939484,-0.009779308776255885,-0.0106172006993063,0.09772760360311704,-0.2416678652449706,-0.2581720461550633,0.000837891923050416,0.016504180910092675,0.059233819293288616
2018-06-28,-0.00025548641668521766,0.029262668781884712,0.0258175951063966,0.09747211718643183,-0.2124051964630859,-0.2323544510486667,0.0034450736754881132,0.019949254585580806,0.059610850490858486
2018-06-29,-0.0033192551825995654,-0.015368277665001545,-0.0250449707938517,0.09415286200383226,-0.22777347412808743,-0.2573994218425184,0.009676693128850155,0.029625947714430972,0.06031090396170565
2018-07-02,0.00522471176161205,0.01691349251239716,0.0050509721706241,0.0993775737654443,-0.21085998161569028,-0.2523484496718943,0.011862520341773063,0.041488468056204014,0.061228674704660646
2018-07-03,0.004217682211172817,-0.017421097195425846,-0.0126373816525786,0.10359525597661712,-0.22828107881111612,-0.2649858313244729,-0.0047837155428472455,0.03670475251335678,0.0611969919882525
2018-07-04,0.00047728187064326167,-0.02868979478687324,-0.0141230047693853,0.10407253784726038,-0.25697087359798937,-0.27910883609385817,-0.014566790017487941,0.0221379624958688,0.060707528283392265
2018-07-05,0.0024440090634542666,0.00506369699536877,0.0043769599469001,0.10651654691071465,-0.2519071766026206,-0.27473187614695804,0.0006867370484686707,0.022824699544337468,0.05976713443411539
2018-07-06,0.0016247652703428208,0.022789414965000608,0.0275364805791961,0.10814131218105746,-0.22911776163761996,-0.24719539556776193,-0.004747065614195491,0.018077633930141973,0.058695846523161635
2018-07-09,0.003750799055677876,0.009438008479269356,0.0047801559177776,0.11189211123673534,-0.21967975315835062,-0.24241523964998432,0.004657852561491756,0.022735486491633705,0.056750622550421244
2018-07-10,-0.0003058301598287037,-0.026762982987813603,-0.0192443434376853,0.11158628107690664,-0.24644273614616422,-0.2616595830876696,-0.007518639550128305,0.015216846941505408,0.05386551030227816
2018-07-11,0.0007864128636116125,0.027701687925988903,0.0243175116665149,0.11237269394051826,-0.21874104822017532,-0.2373420714211547,0.003384176259474004,0.018601023200979394,0.05198239299811123
2018-07-12,0.0034577066848965844,0.0035581232251365768,0.0025855119268476,0.11583040062541484,-0.21518292499503874,-0.2347565594943071,0.0009726112982889768,0.019573634499268355,0.0504425081364655
2018-07-13,0.0046960849425839255,0.0013557750647354577,-0.0055640869728733,0.12052648556799878,-0.21382714993030327,-0.2403206464671804,0.006919862037608758,0.02649349653687713,0.05006405026506632
2018-07-16,0.0011878682182159706,0.0032473537472330356,-0.0046158967855024,0.12171435378621474,-0.21057979618307024,-0.2449365432526828,0.007863250532735434,0.03435674706961256,0.04884755972588212
2018-07-17,0.0020396669449080198,-0.003605212943465086,-0.0046815121824121,0.12375402073112277,-0.21418500912653532,-0.2496180554350949,0.0010762992389470138,0.03543304630855959,0.04868019333502457
2018-07-18,0.0009005369160963132,-0.011555845788568367,-0.0061786075943475,0.12465455764721908,-0.22574085491510368,-0.25579666302944243,-0.005377238194220867,0.03005580811433875,0.04927243325053489
2018-07-19,0.0005759253417616195,0.012664550617945237,0.0195238217123159,0.1252304829889807,-0.21307630429715843,-0.23627284131712653,-0.006859271094370664,0.0231965370199681,0.04968358248190247
2018-07-20,0.0035896085808840945,0.010234965722312668,0.0097762877272114,0.1288200915698648,-0.20284133857484576,-0.22649655358991513,0.0004586779951012681,0.02365521501506937,0.05014640619433808
2018-07-23,-0.0014270368136748276,0.017049451043171477,0.014999904270854,0.12739305475618998,-0.18579188753167428,-0.21149664931906115,0.0020495467723174766,0.02570476178738687,0.05071344292908127
2018-07-24,-0.0027086363576082073,0.0007646326629025261,-0.0002460364219283,0.12468441839858177,-0.18502725486877175,-0.21174268574098945,0.001010669084830826,0.0267154308722177,0.05044754492921962
2018-07-25,-0.008727530669734978,-0.004737002780884322,-0.0082155072627219,0.1159568877288468,-0.18976425764965607,-0.21995819300371136,0.003478504481837578,0.03019393535405529,0.05051962985118505
2018-07-26,0.006292267181946732,-0.00524643580909883,-0.0044173482770574,0.12224915491079352,-0.1950106934587549,-0.22437554128076875,-0.0008290875320414301,0.029364847822013845,0.0511924761072758
2018-07-27,0.005761635339351855,-0.013138060823499395,-0.0052642453584715,0.1280107902501454,-0.2081487542822543,-0.22963978663924026,-0.007873815465027896,0.021491032356985962,0.05043918648748993
2018-07-30,0.0008317102722184572,0.0010445991560808126,0.002072620487642,0.12884250052236385,-0.20710415512617347,-0.22756716615159825,-0.0010280213315611874,0.020463011025424777,0.05105941155175464
2018-07-31,0.001992598567972079,-0.015870494155310465,-0.0191464010194507,0.13083509909033592,-0.22297464928148394,-0.24671356717104895,0.0032759068641402336,0.023738917889565003,0.051890950999029135
2018-08-01,-0.006387998597811956,-0.03063742062786642,-0.0225189443294556,0.12444710049252396,-0.25361206990935037,-0.26923251150050453,-0.00811847629841082,0.015620441591154166,0.05274316031971001
2018-08-02,0.004205737662059228,-0.010835779647467075,-0.0116559179276908,0.12865283815458317,-0.26444784955681744,-0.2808884294281953,0.0008201382802237242,0.01644057987137787,0.05384582347066812
2018-08-03,-0.0012748224570069888,-0.021155947688623396,-0.0150924300381416,0.12737801569757617,-0.2856037972454408,-0.2959808594663369,-0.006063517650481796,0.010377062220896072,0.05467482583738258
2018-08-06,-0.002702401659684443,0.025507891686448254,0.027485125489262,0.12467561403789174,-0.2600959055589926,-0.2684957339770749,-0.001977233802813748,0.008399828418082289,0.05613323414548937
2018-08-07,0.0039113659430219825,-0.0138869185412075,-0.0149594132541787,0.12858697998091373,-0.2739828241002001,-0.2834551472312536,0.0010724947129711997,0.009472323131053506,0.05685797921486271
2018-08-08,-0.0006245868458322884,0.021409401099272026,0.020964711400721,0.12796239313508145,-0.25257342300092805,-0.2624904358305326,0.00044468969855102763,0.009917012829604555,0.05712970884709242
2018-08-09,0.001982672243779148,0.005834441444716597,0.0013299140260933,0.1299450653788606,-0.24673898155621146,-0.2611605218044393,0.004504527418623297,0.014421540248227865,0.05791753152033479
2018-08-10,0.001742194249633502,0.003193373121782268,-0.0026096722438327,0.13168725962849412,-0.24354560843442918,-0.263770194048272,0.005803045365614969,0.020224585613842827,0.0560054399375842
2018-08-13,0.00027674377187088766,-0.0007139718477265217,-0.0025985502808299,0.13196400340036502,-0.24425958028215572,-0.2663687443291019,0.0018845784331033783,0.022109164046946184,0.055509316667985975
2018-08-14,0.000492316309112491,-0.019406543118956652,-0.0217258144287563,0.1324563197094775,-0.2636661234011124,-0.2880945587578582,0.002319271309799649,0.024428435356745826,0.05385309194591812
2018-08-15,0.003570228668803944,-0.008881983852252705,-0.0077698113767463,0.13602654837828143,-0.2725481072533651,-0.29586437013460454,-0.0011121724755064058,0.023316262881239447,0.052815058321477704
2018-08-16,0.002068148570269847,-0.017857072736348314,-0.0145641666673725,0.13809469694855128,-0.2904051799897134,-0.310428536801977,-0.0032929060689758146,0.020023356812263637,0.052416517300439544
2018-08-17,4.2584684092801284e-05,0.005980991953942893,0.0101384972602765,0.13813728163264408,-0.28442418803577046,-0.3002900395417005,-0.004157505306333607,0.015865851505930062,0.05270649079314716
2018-08-20,-0.00042688516085829294,0.010216964084972979,0.0134385649461657,0.1377103964717858,-0.2742072239507975,-0.28685147459553484,-0.003221600861192721,0.012644250644737343,0.05188235020074297
2018-08-21,-0.0015605483110307425,-0.013017934530161911,-0.0083166601038789,0.13614984816075504,-0.2872251584809594,-0.2951681346994137,-0.004701274426283011,0.0079429762184543,0.05211168099412874
2018-08-22,0.0012207848555209203,0.006357494065706992,0.0039447573119619,0.13737063301627594,-0.2808676644152524,-0.2912233773874518,0.002412736753745092,0.010355712972199393,0.052401772868134314
2018-08-23,-0.0002232806434942238,-0.0029062959804554574,0.0012885846462994,0.13714735237278172,-0.28377396039570785,-0.2899347927411524,-0.004194880626754858,0.006160832345444567,0.05289954622660463
2018-08-24,0.0010864359271264819,0.02077431205736542,0.0208845063185246,0.1382337882999082,-0.26299964833834244,-0.2690502864226278,-0.00011019426115917857,0.0060506380842853535,0.0542641477319169
2018-08-27,0.0009655049223618726,0.0019156917015472762,-0.0005258863921574,0.13919929322227007,-0.2610839566367952,-0.2695761728147852,0.002441578093704676,0.008492216177990008,0.05542207281635779
2018-08-28,0.002432857795773884,-0.004377070047962435,-0.0041876996162977,0.14163215101804394,-0.26546102668475763,-0.2737638724310829,-0.00018937043166473468,0.008302845746325282,0.055055617076113596
2018-08-29,0.0005215030131467681,-0.01626183235663727,-0.0124475913143909,0.1421536540311907,-0.2817228590413949,-0.2862114637454738,-0.003814241042246369,0.004488604704078913,0.05404119875804876
2018-08-30,-0.0011079115577988573,-0.011684380676243849,-0.0061733569970488,0.14104574247339186,-0.2934072397176387,-0.2923848207425226,-0.005511023679195049,-0.001022418975116124,0.05395009701379729
2018-08-31,-0.0034623204908761154,-0.0022047102520815357,-0.0014558534787456,0.13758342198251575,-0.29561194996972023,-0.2938406742212682,-0.0007488567733359357,-0.0017712757484520392,0.05427322226571569
2018-09-03,-0.0006441053917552497,0.012140407861290965,0.0111305523235148,0.1369393165907605,-0.2834715421084293,-0.2827101218977534,0.0010098555377761644,-0.0007614202106758783,0.05448668169664727
2018-09-04,-0.004211559262720444,-0.0154181329455349,-0.0179032263431785,0.13272775732804007,-0.2988896750539642,-0.3006133482409319,0.002485093397643601,0.0017236731869677002,0.05424652877008546
2018-09-05,0.0037663034345057026,-0.0018849901110865434,-0.0064712835623056,0.13649406076254578,-0.30077466516505075,-0.3070846318032375,0.004586293451219057,0.006309966638186726,0.05323997874986451
2018-09-06,-0.003973283783203922,0.0015840013713277897,0.0030953313439373,0.13252077697934186,-0.29919066379372294,-0.30398930045930017,-0.0015113299726095101,0.004798636665577227,0.052336570422997095
2018-09-07,-0.0021001504459367106,-0.020463318880327198,-0.0151045523895311,0.13042062653340517,-0.31965398267405015,-0.3190938528488313,-0.005358766490796097,-0.000560129825218858,0.052110390601883494
2018-09-10,0.00203458236177122,0.0029960572356355045,-0.0011152447085998,0.1324552088951764,-0.31665792543841464,-0.3202090975574311,0.004111301944235304,0.0035511721190164547,0.05129902254015854
2018-09-11,0.004609306591360324,0.0021929294252546667,-0.0039326569593489,0.13706451548653673,-0.31446499601315997,-0.32414175451678,0.006125586384603567,0.009676758503620042,0.05163074562830669
2018-09-12,0.003535751234689079,0.010170726025858208,0.0109540507204117,0.1406002667212258,-0.30429426998730175,-0.3131877037963683,-0.000783324694553493,0.008893433809066542,0.05254084426792415
2018-09-13,0.002826926506676588,-0.00896552953925796,-0.0032907710331277,0.1434271932279024,-0.3132597995265597,-0.316478474829496,-0.0056747585061302595,0.0032186753029362913,0.05223270631199046
2018-09-14,-0.0025649396274480974,-0.01734929786276885,-0.0122082067303949,0.1408622536004543,-0.33060909738932853,-0.3286866815598909,-0.005141091132373949,-0.0019224158294376403,0.0518170140737596
2018-09-17,-0.0023464481382198072,0.017134666113026324,0.0175268507093053,0.1385158054622345,-0.3134744312763022,-0.3111598308505856,-0.0003921845962789744,-0.0023146004257166286,0.052137865790746765
2018-09-18,0.00099063770547545,0.011427420913283031,0.0127365470076944,0.13950644316770994,-0.3020470103630192,-0.2984232838428912,-0.0013091260944113683,-0.00362372652012799,0.05183163308313124
2018-09-19,-0.0020891818848858454,-0.0025193938377952863,-0.0006374068975386,0.13741726128282408,-0.3045664042008145,-0.2990606907404298,-0.0018819869402566863,-0.005505713460384698,0.05103318838825375
2018-09-20,0.002350074268840817,0.013691792076795451,0.0245589605831236,0.1397673355516649,-0.29087461212401905,-0.27450173015730617,-0.010867168506328148,-0.016372881966712882,0.05005214883653036
2018-09-21,2.0380418660398366e-05,-0.004011680207854078,-0.0064260303582367,0.1397877159703253,-0.29488629233187313,-0.28092776051554286,0.002414350150382622,-0.013958531816330277,0.04990220189678631
2018-09-25,-0.0005701718784359245,0.003876862949101728,0.0084527516720078,0.13921754409188938,-0.2910094293827714,-0.27247500884353504,-0.004575888722906072,-0.018534420539236374,0.049431256178505606
2018-09-26,-0.0039691678912361006,-0.019019428327352206,-0.007797799795558,0.13524837620065328,-0.3100288577101236,-0.28027280863909304,-0.011221628531794207,-0.029756049071030577,0.049920588518951724
2018-09-27,0.004714635015288502,0.010398787789868056,0.0103789909259298,0.1399630112159418,-0.29963006992025554,-0.26989381771316323,1.9796863938256748e-05,-0.029736252207092306,0.05054182659433758
2018-09-28,-0.0013264223051284694,-0.03561488523663226,-0.0402635020149368,0.13863658891081332,-0.3352449551568878,-0.3101573197281,0.00464861677830454,-0.02508763542878778,0.04988636184381636
2018-10-08,-1.6096208404332074e-05,0.002816041089079783,0.0005813572711932,0.13862049270240898,-0.332428914067808,-0.30957596245690683,0.002234683817886583,-0.022852951610901173,0.050714871133493516
2018-10-09,0.003688740486109907,0.004512325374408963,0.0007202761829417,0.14230923318851887,-0.327916588693399,-0.30885568627396515,0.003792049191467263,-0.019060902419433867,0.05129076704714157
2018-10-10,-0.00122273393846569,-0.07916432026138605,-0.0580020133998208,0.14108649925005318,-0.40708090895478505,-0.36685769967378595,-0.02116230686156525,-0.040223209280999095,0.05171598137587008
2018-10-11,-0.0012416457111557675,-0.009771674918907644,0.0088727069998085,0.13984485353889742,-0.4168525838736927,-0.35798499267397743,-0.018644381918716143,-0.05886759119971524,0.05122325256299111
2018-10-12,0.004002020469435645,-0.012550074970984242,-0.0150429852616485,0.14384687400833307,-0.42940265884467693,-0.3730279779356259,0.0024929102906642575,-0.05637468090905101,0.050806119420255605
2018-10-15,-0.0054223638667307665,-0.021509842845494637,-0.0111352883697839,0.1384245101416023,-0.45091250169017155,-0.3841632663054098,-0.010374554475710738,-0.06674923538476174,0.05044870917971337
2018-10-16,0.0020426116098911933,0.009439454688886887,0.0062489628825497,0.1404671217514935,-0.44147304700128465,-0.3779143034228601,0.0031904918063371864,-0.06355874357842456,0.050135981805025265
2018-10-17,0.011837793576374689,-0.028164624876058416,-0.0291553152948319,0.1523049153278682,-0.46963767187734307,-0.407069618717692,0.0009906904187734836,-0.06256805315965108,0.05059870715144455
2018-10-18,0.003960653164131137,0.022562838204436855,0.026621292850232,0.15626556849199932,-0.44707483367290624,-0.38044832586745997,-0.004058454645795146,-0.06662650780544627,0.05081563302515031
2018-10-19,-0.0022213982710482492,0.04767647279117401,0.042468315550808,0.15404417022095107,-0.3993983608817322,-0.337980010316652,0.00520815724036601,-0.061418350565080215,0.050514984461413726
2018-10-22,-0.0029558512112864734,-0.014237389917966857,-0.0233586483298512,0.1510883190096646,-0.41363575079969905,-0.36133865864650316,0.009121258411884344,-0.05229709215319589,0.05154866938949216
2018-10-23,0.0011957039440072214,0.002049171410538534,0.0024681262359944,0.15228402295367183,-0.41158657938916055,-0.35887053241050876,-0.000418954825455866,-0.05271604697865179,0.05096372208880736
2018-10-24,-0.0036776938287937156,-0.007856157559848927,-0.0003548533999754,0.14860632912487812,-0.41944273694900946,-0.35922538581048413,-0.007501304159873527,-0.06021735113852533,0.05069493490507196
2018-10-25,0.0009943130667945208,0.004644333452730561,-0.0014012772940005,0.14960064219167263,-0.4147984034962789,-0.36062666310448466,0.0060456107467310605,-0.05417174039179423,0.05100607846585178
2018-10-26,0.0034881681451351854,-0.01357886044661429,-0.0227910732575062,0.15308881033680782,-0.42837726394289316,-0.38341773636199084,0.009212212810891908,-0.044959527580902325,0.051337310727430106
2018-10-29,-0.00022544999078407955,0.011386966830811869,0.009305877324722,0.15286336034602374,-0.4169902971120813,-0.37411185903726885,0.002081089506089869,-0.04287843807481245,0.05009143571879321
2018-10-30,-9.498617421396495e-05,0.015053039291311772,0.0127389063892605,0.15276837417180977,-0.4019372578207695,-0.36137295264800834,0.002314132902051272,-0.04056430517276116,0.05019417384383924
2018-10-31,0.0018643287523831661,0.007021074410612592,0.0039059292273618,0.15463270292419293,-0.3949161834101569,-0.3574670234206465,0.0031151451832507923,-0.03744915998951037,0.05015921940251598
2018-11-01,-5.141146017297731e-05,0.027591660425748427,0.0283474321165822,0.15458129146401994,-0.36732452298440843,-0.3291195913040643,-0.0007557716908337744,-0.03820493168034411,0.04993914663450731
2018-11-02,-0.0032432766238031075,0.007407910644182802,-0.00370310633975,0.15133801484021683,-0.35991661234022565,-0.33282269764381434,0.011111016983932801,-0.027093914696411314,0.0508048025470664
2018-11-05,0.00437937309630558,0.0005149407306150111,-0.003134962071231,0.1557173879365224,-0.3594016716096106,-0.3359576597150453,0.003649902801846011,-0.023444011894565298,0.05158337024888226
2018-11-06,-0.0007905832384726899,-0.0029977613806836637,-0.0057320671571691,0.1549268046980497,-0.36239943299029426,-0.34168972687221444,0.0027343057764854365,-0.020709706118079818,0.04906577729503286
2018-11-07,-0.006120400532586568,-0.004160985623728208,-0.0027204304621853,0.14880640416546315,-0.36656041861402244,-0.3444101573343997,-0.001440555161542908,-0.02215026127962272,0.04864926739460137
2018-11-08,0.003159967069545578,-0.001320694512000474,-0.0126927750171558,0.15196637123500872,-0.3678811131260229,-0.35710293235155555,0.011372080505155325,-0.01077818077446735,0.048112420462481764
2018-11-09,-0.005305334319091897,0.026803683324584292,0.0153501215589054,0.14666103691591684,-0.3410774298014386,-0.34175281079265013,0.011453561765678891,0.000675380991211505,0.048379375320144316
2018-11-12,-0.010136400547940495,0.015894268355265907,0.0109923632444849,0.13652463636797635,-0.3251831614461727,-0.33076044754816525,0.004901905110781006,0.00557728610199254,0.04852710388727875
2018-11-13,0.002972041205553592,0.0004544607866945538,-0.0077770638743492,0.13949667757352993,-0.3247287006594782,-0.3385375114225144,0.008231524661043753,0.01380881076303625,0.0494191480118581
2018-11-14,0.007598314068821771,0.021159050828488082,0.0136395285829369,0.1470949916423517,-0.3035696498309901,-0.32489798283957755,0.0075195222455511825,0.02132833300858744,0.05014925672759819
2018-11-15,0.0014005610243692634,0.011070412944905503,0.0054036128930333,0.14849555266672096,-0.2924992368860846,-0.31949436994654423,0.005666800051872202,0.026995133060459642,0.05020757202446653
2018-11-16,0.0048397429618565945,0.005431732820633553,0.0079012084948854,0.15333529562857756,-0.28706750406545106,-0.31159316145165883,-0.0024694756742518467,0.024525657386207766,0.0503035013011129
2018-11-19,-0.0005974751299843263,-0.027942470392125128,-0.0231548809849948,0.15273782049859325,-0.31500997445757617,-0.3347480424366536,-0.004787589407130328,0.019738067979077456,0.050337647384296025
2018-11-20,-0.0011734187838452286,0.00823498153688223,0.0028192200049957,0.15156440171474803,-0.30677499292069393,-0.33192882243165794,0.00541576153188653,0.02515382951096401,0.050498185601148694
2018-11-21,0.001586625721408768,0.0015709540795851632,-0.0018932905205505,0.1531510274361568,-0.30520403884110875,-0.3338221129522084,0.0034642446001356634,0.02861807411109968,0.04904168467403584
2018-11-22,0.003208481694684762,-0.04563430499811188,-0.0280824539507931,0.15635950913084157,-0.35083834383922063,-0.36190456690300155,-0.017551851047318778,0.011066223063780911,0.04834176962792258
2018-11-23,0.001981108389553112,-0.001460397255088987,-0.001543420486384,0.1583406175203947,-0.35229874109430964,-0.36344798738938555,8.302323129501287e-05,0.01114924629507591,0.04770913567945474
2018-11-26,0.0021518240894961146,0.008414534302356193,0.0008345788268434,0.1604924416098908,-0.3438842067919535,-0.36261340856254215,0.007579955475512793,0.018729201770588677,0.047686340120388554
2018-11-27,0.007118088491253321,0.014561177644602708,0.0109955202231489,0.1676105301011441,-0.3293230291473508,-0.3516178883393932,0.0035656574214538075,0.022294859192042438,0.0457123181725753
2018-11-28,0.004522590384942715,-0.023633153694743104,-0.0155315057162431,0.1721331204860868,-0.3529561828420939,-0.36714939405563635,-0.008101647978500003,0.014193211213542445,0.04391914912185608
2018-11-29,0.003216074692352847,0.006840056459678028,0.0080501697816002,0.17534919517843967,-0.3461161263824159,-0.3590992242740361,-0.0012101133219221726,0.012983097891620221,0.04348853217325517
2018-11-30,-0.0002637996162305629,0.031465851508477756,0.0269509327204435,0.1750853955622091,-0.31465027487393815,-0.3321482915535926,0.004514918788034256,0.01749801667965445,0.04424690528498394
2018-12-03,-0.004705288485356168,0.006931857730161615,0.003812566275892,0.17038010707685292,-0.3077184171437765,-0.3283357252777006,0.0031192914542696147,0.020617308133924095,0.044917044822667944
2018-12-04,0.006758635698637626,-0.006630634112308147,-0.0056868982421553,0.17713874277549055,-0.31434905125608464,-0.3340226235198559,-0.0009437358701528467,0.019673572263771255,0.04484973426959536
2018-12-05,0.002319125062954748,-0.017340295128276135,-0.0188913875798141,0.1794578678384453,-0.33168934638436076,-0.35291401109967,0.0015510924515379637,0.02122466471530926,0.04523457086626817
2018-12-06,0.0034000509014163707,0.002102568774043884,0.0001491452519181,0.18285791873986168,-0.32958677761031685,-0.3527648658477519,0.001953423522125784,0.023178088237435057,0.04623728198505082
2018-12-07,0.00041077910220833284,-0.012835659497598432,-0.0101285521464814,0.18326869784207,-0.34242243710791526,-0.3628934179942333,-0.0027071073511170315,0.020470980886318046,0.046174172125080695
2018-12-10,-0.00048348464839450146,0.009341395330305573,0.0049654489685917,0.1827852131936755,-0.33308104177760967,-0.3579279690256416,0.004375946361713874,0.024846927248031947,0.04829895821465058
2018-12-11,0.0013298639569067664,0.0009076489349888493,0.0027059892160177,0.18411507715058226,-0.3321733928426208,-0.3552219798096239,-0.0017983402810288506,0.02304858696700307,0.048813814955096034
2018-12-12,0.003459149628714734,0.009947254251403168,0.0117015542199434,0.187574226779297,-0.3222261385912176,-0.3435204255896805,-0.0017542999685402315,0.021294286998462864,0.049404315292291834
2018-12-13,0.003730703719945458,-0.024948939817288487,-0.0182765820040464,0.19130493049924246,-0.3471750784085061,-0.3617970075937269,-0.006672357813242085,0.014621929185220817,0.050603657501752726
2018-12-14,-0.0032826623145384057,-0.0005242843866840565,-0.0004058690959196,0.18802226818470405,-0.34769936279519015,-0.3622028766896465,-0.00011841529076445648,0.014503513894456366,0.05109608418752066
2018-12-17,-0.0011833693979983258,-0.006864017418421443,-0.008459700141384,0.18683889878670573,-0.3545633802136116,-0.3706625768310305,0.0015956827229625572,0.016099196617418876,0.05112093259491906
2018-12-18,-0.003232837124079804,-0.012749108149542299,-0.0114361352025488,0.18360606166262594,-0.3673124883631539,-0.3820987120335793,-0.0013129729469934983,0.014786223670425425,0.05334542122487083
2018-12-19,6.897286507857236e-05,0.004798004909712854,-0.0040319698665915,0.1836750345277045,-0.36251448345344106,-0.3861306819001708,0.008829974776304355,0.02361619844672974,0.05450155892018363
2018-12-20,0.00381818692817725,-0.00613588628639649,-0.0089866229206708,0.18749322145588176,-0.36865036973983756,-0.3951173048208416,0.0028507366342743097,0.02646693508100406,0.0563543066985319
2018-12-21,0.006127246139085875,0.010163084364492814,0.0052826346676367,0.19362046759496765,-0.35848728537534474,-0.38983467015320494,0.004880449696856114,0.0313473847778602,0.0563971547067943
2018-12-24,0.003905390579810551,-0.009562534790308117,-0.0081914009794857,0.1975258581747782,-0.36804982016565285,-0.3980260711326906,-0.0013711338108224162,0.029976250967037765,0.05565114838101948
2018-12-25,-0.00035357748099452583,-0.0013197209619255537,-0.0031853605745479,0.19717228069378367,-0.3693695411275784,-0.4012114317072385,0.0018656396126223464,0.03184189057966008,0.05607277818952197
2018-12-26,0.004571569090170176,-0.014112078316672055,-0.0078737363569923,0.20174384978395385,-0.38348161944425047,-0.4090851680642308,-0.0062383419596797555,0.02560354861998032,0.05431725733727038
2018-12-27,5.469689236961117e-05,0.0010117529135887213,0.0039871385502771,0.20179854667632346,-0.38246986653066173,-0.4050980295139537,-0.0029753856366883788,0.022628162983291955,0.053830208323081254
2018-12-28,-0.0010906257214326543,-0.0031326181369525567,-0.0117821535864534,0.20070792095489082,-0.38560248466761426,-0.4168801831004071,0.008649535449500843,0.03127769843279282,0.05392857736622007
2019-01-02,0.0009704099453594337,-0.005402945565629243,-0.0028565278061003,0.20167833090025025,-0.3910054302332435,-0.4197367109065074,-0.0025464177595289432,0.02873128067326386,0.057521569800145896
2019-01-03,-0.0016442308450330511,0.02427226069807907,0.0219374339050034,0.2000341000552172,-0.36673316953516444,-0.39779927700150397,0.0023348267930756693,0.031066107466339532,0.05623304641480503
2019-01-04,-0.0018946135615480573,0.018792060148577237,0.0096227727770837,0.19813948649366916,-0.3479411093865872,-0.3881765042244203,0.009169287371493537,0.040235394837833116,0.05421219994697797
2019-01-07,-0.0046917475934124,-0.002212002876091864,-0.0021642500604554,0.19344773890025677,-0.35015311226267903,-0.3903407542848757,-4.7752815636463615e-05,0.04018764202219666,0.05158547505382264
2019-01-08,-0.004765125047053706,0.0018661579397320608,0.0065767205552051,0.18868261385320306,-0.348286954322947,-0.3837640337296706,-0.0047105626154730395,0.03547707940672362,0.0502603623100406
2019-01-09,0.0004043188073602544,-0.0021818888980693714,-0.0039217852003664,0.1890869326605633,-0.35046884322101635,-0.387685818930037,0.0017398963022970289,0.03721697570902066,0.049588854734772085
2019-01-10,-0.0016826285489201821,0.0074784927777308795,0.006835418054229,0.18740430411164313,-0.34299035044328546,-0.380850400875808,0.0006430747235018795,0.03786005043252255,0.049651638016762735
2019-01-11,-0.002459360110085041,-0.006557992425943293,-0.0073505336146019,0.1849449440015581,-0.34954834286922876,-0.38820093449040993,0.0007925411886586069,0.038652591621181176,0.05029021872870111
2019-01-14,0.0060711152742468156,0.012768764002178483,0.0138541509027997,0.1910160592758049,-0.3367795788670503,-0.37434678358761025,-0.0010853869006212172,0.037567204720559966,0.0515170720569634
2019-01-15,0.001524237664163799,-0.0019629699096692893,-0.0002564405276381,0.19254029693996869,-0.33874254877671955,-0.3746032241152484,-0.0017065293820311893,0.035860675338528825,0.0530793127170252
2019-01-16,-0.007498879422981717,-0.0119526864724019,-0.0056183320106499,0.18504141751698697,-0.35069523524912144,-0.38022155612589825,-0.006334354461751999,0.029526320876776813,0.05258115215667363
2019-01-17,0.005004161919644936,0.006754610257053906,0.013238311322704,0.1900455794366319,-0.3439406249920675,-0.3669832448031943,-0.006483701065650094,0.023042619811126763,0.054381821784164126
2019-01-18,0.002377791199975762,0.006456772490927983,0.0058912100137822,0.19242337063660764,-0.33748385250113955,-0.3610920347894121,0.0005655624771457824,0.02360818228827255,0.054015567806362436
2019-01-21,0.0002395466703655796,-0.010383493976344737,-0.0121968115288609,0.1926629173069732,-0.3478673464774843,-0.37328884631827297,0.001813317552516163,0.025421499840788675,0.05109351392601467
2019-01-22,0.0024423972743090458,0.001833997134618034,0.0008981509623474,0.19510531458128225,-0.3460333493428663,-0.37239069535592556,0.0009358461722706339,0.02635734601305928,0.04903002188849664
2019-01-23,0.004575053878007339,0.0053799685922334296,0.0043607279317799,0.19968036845928958,-0.34065338075063284,-0.3680299674241457,0.0010192406604535298,0.027376586673512837,0.04805173154796014
2019-01-24,0.006514702422915714,-0.006308768071206758,0.0029098062420202,0.2061950708822053,-0.3469621488218396,-0.3651201611821255,-0.009218574313226958,0.018158012360285858,0.04830064264468281
2019-01-25,0.005885029804817069,-0.006161501125805776,-0.0024621611733707,0.21208010068702235,-0.3531236499476454,-0.3675823223554962,-0.003699339952435076,0.014458672407850814,0.048662221876344544
2019-01-28,0.0033944359038831067,-0.018965470071226155,-0.0040050374112362,0.21547453659090546,-0.37208912001887157,-0.3715873597667324,-0.014960432659989954,-0.0005017602521391606,0.04872492819965064
2019-01-29,0.007835575496350906,-0.012354083817542804,-0.0088748105896917,0.22331011208725637,-0.3844432038364144,-0.3804621703564241,-0.003479273227851104,-0.0039810334799902924,0.04924758557316551
2019-01-30,0.007888691229002745,-0.015005371773937282,0.0017627153310517,0.2311988033162591,-0.3994485756103517,-0.3786994550253724,-0.016768087104988984,-0.020749120584979297,0.0492259671748583
2019-01-31,-0.0012765147865265042,0.026626287083356615,0.0164454144130792,0.2299222885297326,-0.37282228852699506,-0.36225404061229316,0.010180872670277414,-0.0105682479147019,0.049633825818231066
2019-02-01,-0.0037621565568983196,0.025568596921472203,0.017391987787944,0.22616013197283427,-0.3472536916055229,-0.3448620528243492,0.008176609133528204,-0.0023916387811737105,0.049935780794597005
2019-02-11,-0.006102364248973193,0.012640599027649841,0.0079233849464341,0.22005776772386107,-0.33461309257787303,-0.3369386678779151,0.0047172140812157416,0.002325575300042071,0.04936082887296555
2019-02-12,-2.64779448515167e-05,0.017477157022248283,0.0178161629632656,0.22003128977900954,-0.31713593555562475,-0.3191225049146495,-0.000339005941017316,0.001986569359024748,0.04816012778696193
2019-02-13,-0.003243706349111362,0.004069644849507623,0.0012294734039953,0.21678758342989818,-0.31306629070611713,-0.3178930315106542,0.002840171445512323,0.004826740804537044,0.047176772224322795
2019-02-14,-0.002145864601107656,-0.00226097435902959,-0.0127143461934541,0.21464171882879052,-0.31532726506514674,-0.33060737770410825,0.01045337183442451,0.015280112638961507,0.04809992001098536
2019-02-15,-0.003954291624131747,0.03217387130844093,0.0296285103225211,0.21068742720465877,-0.2831533937567058,-0.30097886738158713,0.002545360985919832,0.01782547362488135,0.048106164687191276
2019-02-18,-0.008946115356235492,0.001681229591908354,0.0003060783742927,0.20174131184842328,-0.2814721641647974,-0.30067278900729444,0.001375151217615654,0.019200624842497016,0.04870066107538998
2019-02-19,-0.0027423737175471872,0.0018879593327783926,0.0026760232960936,0.1989989381308761,-0.279584204832019,-0.2979967657112008,-0.0007880639633152076,0.018412560879181805,0.04920553306346011
2019-02-20,-0.0008209381311897646,-0.003016103857243697,-0.003407111890974,0.19817799999968633,-0.2826003086892627,-0.3014038776021748,0.0003910080337303028,0.018803568912912072,0.05075673378951272
2019-02-21,-0.0034066927835798098,0.021205844757589225,0.0191276872797856,0.19477130721610653,-0.2613944639316735,-0.2822761903223892,0.002078157477803627,0.020881726390715727,0.052616373625011856
2019-02-22,-0.006987478411740615,0.04716503038199694,0.0543796976081246,0.18778382880436592,-0.21422943354967655,-0.2278964927142646,-0.007214667226127659,0.013667059164588047,0.05416516272325317
2019-02-25,-0.003974931074747794,-0.003029383845213392,-0.0080396762078166,0.18380889772961811,-0.21725881739488995,-0.2359361689220812,0.005010292362603207,0.018677351527191244,0.05563776123484396
2019-02-26,-0.0023569131663870673,-0.0032390695861911115,-0.0001560870922231,0.18145198456323106,-0.22049788698108105,-0.23609225601430428,-0.0030829824939680116,0.015594369033223227,0.05820040164635516
2019-02-27,0.007232318571312899,0.005704018155092078,-0.0022163034529464,0.18868430313454396,-0.21479386882598897,-0.23830855946725069,0.007920321608038478,0.023514690641261715,0.05897477594136585
2019-02-28,-0.0028637546846888608,0.004777192342383626,0.0158306749967308,0.1858205484498551,-0.21001667648360534,-0.2224778844705199,-0.011053482654347175,0.012461207986914552,0.05569306885685703
2019-03-01,-0.005777109278126979,0.01580718154565621,0.013551427585616,0.18004343917172813,-0.19420949493794912,-0.20892645688490388,0.0022557539600402115,0.014716961946954765,0.05531053217962684
2019-03-04,-0.00819982129414726,0.02413455666239652,0.0119143139613689,0.17184361787758087,-0.1700749382755526,-0.19701214292353497,0.01222024270102762,0.026937204647982382,0.055131800784936034
2019-03-05,-0.007846416715335565,0.018638278385382408,0.0133798988578763,0.1639972011622453,-0.1514366598901702,-0.18363224406565867,0.005258379527506107,0.032195584175488484,0.052989416548904066
2019-03-06,-0.005932389941612073,0.014369803329762707,-0.0008832669381295,0.15806481122063323,-0.13706685656040749,-0.18451551100378819,0.015253070267892207,0.0474486544433807,0.05261100010089625
2019-03-07,0.008062865595868282,-0.04496725421403968,-0.0426703885659484,0.1661276768165015,-0.18203411077444717,-0.2271858995697366,-0.002296865648091277,0.045151788795289416,0.05290153298993365
2019-03-08,0.006363285787736462,0.04427258361774032,0.0256992769932573,0.17249096260423796,-0.13776152715670686,-0.20148662257647929,0.018573306624483022,0.06372509541977242,0.05267953577828814
2019-03-11,-0.0015893192168755033,0.018071841679465375,0.0121273175554188,0.17090164338736247,-0.11968968547724149,-0.1893593050210605,0.005944524124046575,0.069669619543819,0.0508878480561202
2019-03-12,0.004449728472382553,-0.017799400048377954,-0.0146904640296736,0.17535137185974503,-0.13748908552561945,-0.2040497690507341,-0.0031089360187043537,0.06656068352511466,0.04493836782902976
2019-03-13,0.0060094796448010345,-0.027840814542005547,-0.0150706703732879,0.18136085150454606,-0.165329900067625,-0.219120439424022,-0.012770144168717646,0.05379053935639702,0.04116915296390892
2019-03-14,0.0015448830530859416,0.015891128294206643,0.0115257914182647,0.182905734557632,-0.14943877177341836,-0.2075946480057573,0.004365336875941943,0.05815587623233895,0.04007022928228633
2019-03-15,0.0005413898397023077,0.02255833671329777,0.0244443210595683,0.18344712439733432,-0.1268804350601206,-0.183150326946189,-0.0018859843462705299,0.0562698918860684,0.038645149890811255
2019-03-18,0.0001571420957693648,0.0038656059472416174,-0.0010386005151526,0.18360426649310368,-0.12301482911287898,-0.18418892746134158,0.004904206462394218,0.0611740983484626,0.038383306075838064
2019-03-19,-0.0011701846659757217,-5.4241503623624315e-05,-0.0014302175232411,0.18243408182712798,-0.1230690706165026,-0.18561914498458268,0.0013759760196174757,0.06255007436808008,0.03648870955283924
2019-03-20,-0.0028937139621187944,0.010049409244444921,0.0042465819751163,0.17954036786500918,-0.11301966137205768,-0.1813725630094664,0.005802827269328621,0.0683529016374087,0.0347945796463064
2019-03-21,0.0039028902571389096,0.006106745035841041,0.0008862142403085,0.1834432581221481,-0.10691291633621665,-0.1804863487691579,0.005220530795532541,0.07357343243294125,0.03387716350091783
2019-03-22,0.005765587579629199,-0.006743036476199353,-0.0187560191244772,0.1892088457017773,-0.113655952812416,-0.1992423678936351,0.012012982648277848,0.08558641508121909,0.03482386225303232
2019-03-25,0.0054188575456544305,-0.02464472458349666,-0.0173685418408224,0.19462770324743173,-0.13830067739591267,-0.21661090973445749,-0.0072761827426742615,0.07831023233854481,0.03665969288645566
2019-03-26,0.004398070889615129,0.008349021817399747,0.008821149037225,0.19902577413704686,-0.12995165557851293,-0.20778976069723248,-0.00047212721982525276,0.07783810511871955,0.037329900273507556
2019-03-27,0.008954977396966093,-0.009955218543467037,-0.0091615984868105,0.20798075153401296,-0.13990687412197997,-0.21695135918404299,-0.0007936200566565372,0.07704448506206302,0.039352335767277306
2019-03-28,-0.004004798344092163,0.023712909348334567,0.0317806755048708,0.2039759531899208,-0.11619396477364541,-0.1851706836791722,-0.008067766156536232,0.06897671890552678,0.041356378334575845
2019-03-29,-0.003421225772308105,0.033728334622597916,0.0289157997092267,0.20055472741761268,-0.08246563015104749,-0.1562548839699455,0.004812534913371216,0.073789253818898,0.0434378826144191
2019-04-01,-0.0012119186632613414,0.00535309577819433,0.0009959600555372,0.19934280875435134,-0.07711253437285316,-0.1552589239144083,0.00435713572265713,0.07814638954155513,0.0439306098998748
2019-04-02,0.0006785843258126131,0.01129224818488529,0.0110267405212969,0.20002139308016395,-0.06582028618796787,-0.1442321833931114,0.00026550766358839073,0.07841189720514352,0.042667319616287676
2019-04-03,-0.003129486556923212,0.002052816293380557,0.008141213873208,0.19689190652324073,-0.06376746989458731,-0.1360909695199034,-0.006088397579827444,0.07232349962531609,0.04128681102761721
2019-04-04,-0.0030187359012689894,-0.0043254982511225165,-0.0024391107796338,0.19387317062197174,-0.06809296814570984,-0.1385300802995372,-0.0018863874714887163,0.07043711215382736,0.03993957514516856
2019-04-08,0.0015832369891556975,0.005236859991006549,0.0003726992506791,0.19545640761112743,-0.06285610815470329,-0.1381573810488581,0.00486416074032745,0.07530127289415482,0.03895509351117241
2019-04-09,-0.0006207598186064879,-0.001561438856550478,-0.0007184468084606,0.19483564779252094,-0.06441754701125377,-0.1388758278573187,-0.000842992048089878,0.07445828084606493,0.03818681076620384
2019-04-10,0.002320388077756533,-0.017424193326232025,-0.0184750303904839,0.19715603587027747,-0.08184174033748579,-0.1573508582478026,0.0010508370642518736,0.07550911791031681,0.037508225072971794
2019-04-11,0.002933795764141198,0.00031518580949839784,-0.0011128331812969,0.20008983163441868,-0.08152655452798739,-0.1584636914290995,0.0014280189907952979,0.0769371369011121,0.03734870736751251
2019-04-12,0.004587637871229249,-0.006322715692041707,-0.0043942915926193,0.20467746950564794,-0.0878492702200291,-0.1628579830217188,-0.0019284240994224076,0.0750087128016897,0.03698534295648877
2019-04-15,-0.0033483139084973614,0.018743773451697067,0.0239294718738194,0.2013291555971506,-0.06910549676833203,-0.1389285111478994,-0.005185698422122333,0.06982301437956737,0.03811174755801713
2019-04-16,-0.0055436631668942015,0.006239588955489641,0.0038853379856564,0.1957854924302564,-0.06286590781284239,-0.13504317316224299,0.0023542509698332415,0.0721772653494006,0.0394205554111879
2019-04-17,-0.0010226661295625148,-0.006388669725422923,-0.0055073228442824,0.1947628263006939,-0.0692545775382653,-0.1405504960065254,-0.0008813468811405224,0.07129591846826008,0.040595665147322935
2019-04-18,-0.0013159969616148152,0.007309184848132079,0.0076283655031633,0.19344682933907908,-0.06194539269013322,-0.1329221305033621,-0.00031918065503122074,0.07097673781322889,0.042686399661004
2019-04-19,0.002071494083735306,-0.011508550509897325,-0.0180000695962831,0.1955183234228144,-0.07345394320003054,-0.1509222000996452,0.006491519086385775,0.07746825689961465,0.04439358600091347
2019-04-22,0.0014256986079834355,-0.019136999177126267,-0.0080318118145202,0.19694402203079783,-0.09259094237715682,-0.1589540119141654,-0.011105187362606067,0.06636306953700857,0.04594545436717995
2019-04-23,-0.001111915768760985,0.009810291608257775,0.0045080222664411,0.19583210626203684,-0.08278065076889904,-0.1544459896477243,0.005302269341816675,0.07166533887882526,0.047157525293305386
2019-04-24,0.006198382654859145,-0.04015705244661296,-0.0280942704751491,0.20203048891689598,-0.122937703215512,-0.1825402601228734,-0.012062781971463859,0.05960255690736138,0.04674831836401654
2019-04-25,0.007107688027448597,-0.010305224275041405,-0.0121585900042967,0.20913817694434458,-0.13324292749055341,-0.1946988501271701,0.001853365729255296,0.06145592263661667,0.04738541477911124
2019-04-26,0.010664100126660482,-0.03457423432500246,-0.0115772168662027,0.21980227707100505,-0.16781716181555587,-0.20627606699337278,-0.022997017458799757,0.038458905177816916,0.04690904304673389
2019-04-29,0.004707465763309634,0.011789409484489758,0.0050932616760548,0.22450974283431469,-0.1560277523310661,-0.20118280531731797,0.006696147808434958,0.04515505298625186,0.04643309861021653
2019-04-30,0.004488471235133017,-0.07482097116050643,-0.064093342963868,0.2289982140694477,-0.23084872349157254,-0.26527614828118595,-0.01072762819663843,0.034427424789613414,0.04685062712172566
2019-05-06,0.006164864789319101,0.016919379111813567,0.0089177668984443,0.2351630788587668,-0.21392934437975897,-0.25635838138274164,0.008001612213369267,0.04242903700298267,0.04573108145861972
2019-05-07,0.003850545698214174,-0.0002661406197757568,-0.0103870331575191,0.23901362455698097,-0.21419548499953472,-0.26674541454026074,0.010120892537743344,0.052549929540726015,0.043954827212525215
2019-05-08,0.006866443280063392,-0.005529825275600585,-0.0146547341273532,0.24588006783704436,-0.2197253102751353,-0.2814001486676139,0.009124908851752614,0.061674838392478615,0.0433798878543907
2019-05-09,-0.003836996917130763,0.03178444749841068,0.0322000483882132,0.2420430709199136,-0.18794086277672462,-0.24920010027940073,-0.00041560088980251847,0.06125923750267612,0.043586640484961164
2019-05-10,0.009104797487786873,-0.003482171917926558,-0.0126920457542893,0.2511478684077005,-0.19142303469465116,-0.26189214603369004,0.009209873836362742,0.07046911133903888,0.044824202570459014
2019-05-13,0.00020590122569965756,-0.007414383397995128,-0.0066532250552092,0.2513537696334001,-0.1988374180926463,-0.26854537108889925,-0.0007611583427859286,0.06970795299625296,0.04423759420221216
2019-05-14,-0.0025754852689764893,0.01986627927407994,0.020180561134738,0.24877828436442362,-0.17897113881856636,-0.24836480995416124,-0.00031428186065806177,0.06939367113559489,0.04394488414050814
2019-05-15,0.0026954836610810855,0.007923225261544473,0.0048089978119853,0.2514737680255047,-0.17104791355702187,-0.24355581214217595,0.0031142274495591727,0.07250789858515408,0.04538830916889912
2019-05-16,0.004107252360752521,-0.03586994095508947,-0.0276743557739096,0.25558102038625724,-0.20691785451211134,-0.27123016791608556,-0.008195585181179868,0.06431231340397423,0.04587826740208573
2019-05-17,0.011285254295024683,0.00033292274998939614,-0.0048056236003285,0.26686627468128193,-0.20658493176212195,-0.27603579151641405,0.005138546350317896,0.0694508597542921,0.046681557855439065
2019-05-20,0.00017523793385101265,0.017238051392521995,0.0136267831841682,0.2670415126151329,-0.18934688036959996,-0.26240900833224584,0.003611268208353795,0.07306212796264588,0.044986901332644304
2019-05-21,0.0031967182697528523,-0.0051042657941673345,-0.0052865256056417,0.2702382308848858,-0.1944511461637673,-0.26769553393788753,0.00018225981147436572,0.07324438777412023,0.046082586740718544
2019-05-22,0.006224005972339522,-0.021504644537524712,-0.0172275010022488,0.2764622368572253,-0.215955790701292,-0.2849230349401363,-0.004277143535275911,0.06896724423884432,0.04555822960252504
2019-05-23,0.005008775036961696,-0.0062713826138768684,-0.0018184180525393,0.281471011894187,-0.22222717331516886,-0.2867414529926756,-0.004452964561337569,0.06451427967750675,0.04441813485341806
2019-05-24,0.0016028735081066825,0.027394019444239845,0.0159544741699701,0.28307388540229367,-0.19483315387092903,-0.2707869788227055,0.011439545274269745,0.0759538249517765,0.0430981324070262
2019-05-27,0.0004046273513212972,0.0016161772567545812,0.0055905938973755,0.28347851275361496,-0.19321697661417445,-0.26519638492533004,-0.003974416640620919,0.0719794083111556,0.045063724878732864
2019-05-28,0.005446695142475576,0.004950651214137153,-0.0001318123491041,0.28892520789609055,-0.1882663254000373,-0.26532819727443413,0.005082463563241253,0.07706187187439684,0.04419232375059605
2019-05-29,0.0036982236065928945,-0.005863867957416466,-0.0047507204051585,0.29262343150268344,-0.19413019335745377,-0.27007891767959263,-0.001113147552257966,0.07594872432213887,0.043689814602298996
2019-05-30,0.004290191393084674,0.00018650400987631942,-0.0027133696800896,0.2969136228957681,-0.19394368934757744,-0.27279228735968225,0.0028998736899659193,0.07884859801210481,0.04565155086600804
2019-05-31,0.0049636624349873445,-0.013117880687522501,-0.0041436045631774,0.3018772853307555,-0.20706157003509995,-0.27693589192285967,-0.0089742761243451,0.06987432188775972,0.04690487548647509
2019-06-03,0.003918146852712617,-0.014639004454367234,-0.0101970397921408,0.3057954321834681,-0.22170057448946717,-0.2871329317150005,-0.004441964662226433,0.06543235722553331,0.04824243137736289
2019-06-04,0.006118168437686399,0.0037963721018677487,0.0003002392956292,0.31191360062115453,-0.21790420238759942,-0.28683269241937126,0.003496132806238549,0.06892849003177184,0.04829863754228466
2019-06-05,0.0011795505764497023,-0.02553196127582557,-0.0146210058285978,0.3130931511976042,-0.243436163663425,-0.3014536982479691,-0.01091095544722777,0.05801753458454409,0.04749757216769498
2019-06-06,0.004588082262701226,0.012719530984851788,0.0103155664203442,0.31768123346030547,-0.2307166326785732,-0.2911381318276249,0.002403964564507588,0.06042149914905168,0.04682823094921415
2019-06-10,-0.004719890403813646,0.03267485869506584,0.0281249045861766,0.3129613430564918,-0.19804177398350736,-0.26301322724144827,0.00454995410888924,0.0649714532579409,0.047037840847292164
2019-06-11,-0.0008440957511104376,-0.004285178463472646,-0.0066178768764574,0.3121172473053814,-0.20232695244698,-0.26963110411790564,0.0023326984129847534,0.06730415167092563,0.046641998405820125
2019-06-12,-0.006304257359484576,0.004258635271328829,0.0007160015893938,0.3058129899458968,-0.19806831717565118,-0.26891510252851186,0.003542633681935029,0.07084678535286068,0.04564588562007963
2019-06-13,0.0049460766740420355,-0.020923499594400433,-0.0120764048378169,0.3107590666199388,-0.2189918167700516,-0.2809915073663288,-0.008847094756583533,0.06199969059627716,0.04634247074041707
2019-06-14,0.003023477124739178,0.0032404014282532982,0.0004952430192169,0.31378254374467796,-0.2157514153417983,-0.2804962643471119,0.002745158409036398,0.06474484900531358,0.045471483618948656
2019-06-17,-0.00011558494231124331,-0.0021924945047932585,0.0012233876349699,0.3136669588023667,-0.21794390984659157,-0.279272876712142,-0.003415882139763159,0.06132896686555045,0.04510986532617169
2019-06-18,0.0009123478046167606,0.014200298275523894,0.0129107336755395,0.31457930660698347,-0.20374361157106768,-0.2663621430366025,0.0012895645999843938,0.06261853146553481,0.045370683749355295
2019-06-19,0.0016795793962119479,0.01582859776455475,0.022216386380719,0.3162588860031954,-0.18791501380651293,-0.2441457566558835,-0.00638778861616425,0.056230742849370574,0.046794431292547074
2019-06-20,0.003475372166642912,0.01910907985636296,0.0063248612931802,0.3197342581698383,-0.16880593395014998,-0.23782089536270332,0.01278421856318276,0.06901496141255334,0.04636192365378066
2019-06-21,-0.0011050048821775,-0.0013531059977386,0.0011094565069221,0.3186292532876608,-0.17015903994788859,-0.23671143885578122,-0.0024625625046607,0.06655239890789263,0.045280687394341546
2019-06-24,0.0029046404662378135,-0.008720278057709143,-0.0096392349402953,0.3215338937538986,-0.17887931800559773,-0.24635067379607653,0.0009189568825861572,0.0674713557904788,0.04612955912606896
2019-06-25,0.007214614310531843,0.0009056178478003492,-0.0014773522341867,0.32874850806443046,-0.17797370015779737,-0.24782802603026324,0.002382970081987049,0.06985432587246587,0.04620297005154317
2019-06-26,0.0008553028108109007,0.006985258527247408,0.0085216674630804,0.3296038108752414,-0.17098844163054996,-0.23930635856718285,-0.0015364089358329922,0.06831791693663289,0.04596526795734927
2019-06-27,0.0013492069222135843,-0.014179699924412486,-0.0063583437937603,0.33095301779745495,-0.18516814155496245,-0.24566470236094315,-0.007821356130652185,0.060496560805980704,0.04690960655567911
2019-06-28,0.0009667104540402878,0.028638653913284948,0.0251038724828797,0.33191972825149524,-0.1565294876416775,-0.22056082987806344,0.003534781430405247,0.06403134223638593,0.047540608462855016
2019-07-01,0.0039028319093487307,0.0002941159242566896,-2.532280264156252e-05,0.335822560160844,-0.15623537171742083,-0.220586152680705,0.0003194387268982521,0.06435078096328417,0.05008695103013968
2019-07-02,0.003170874035027598,-0.008463893455215636,-0.0087718346811965,0.3389934341958716,-0.16469926517263647,-0.2293579873619015,0.0003079412259808633,0.06465872218926502,0.05076311610915993
2019-07-03,0.00275394862838403,-0.003393606747230885,-0.0041371217392383,0.3417473828242556,-0.16809287191986735,-0.2334951091011398,0.0007435149920074144,0.06540223718127244,0.0533743496281906
2019-07-04,0.0013693046712198141,0.0026054938980875197,0.0027945898737312,0.3431166874954754,-0.16548737802177985,-0.23070051922740858,-0.00018909597564368023,0.06521314120562874,0.0522610108347471
2019-07-05,0.004962360911082093,-0.033336261739382436,-0.0264926391149647,0.3480790484065575,-0.1988236397611623,-0.2571931583423733,-0.006843622624417737,0.05836951858121098,0.050910290211595835
2019-07-08,0.001393170220067633,0.0038170383573896977,-0.0007501997292601,0.34947221862662514,-0.1950066014037726,-0.2579433580716334,0.004567238086649798,0.06293675666786078,0.05049514303373763
2019-07-09,0.0029714364457031806,-0.006092754619348062,-0.0049075456920974,0.35244365507232833,-0.20109935602312065,-0.26285090376373077,-0.0011852089272506618,0.06175154774061012,0.049566311138506736
2019-07-10,0.0022665339982831092,0.0017508341192572286,0.0006340203771346,0.3547101890706114,-0.19934852190386343,-0.26221688338659616,0.0011168137421226285,0.06286836148273273,0.0512381471607446
2019-07-11,0.00363016893508444,0.003961544639511182,0.0059906389552443,0.35834035800569586,-0.19538697726435225,-0.25622624443135184,-0.002029094315733118,0.06083926716699958,0.051981761055261866
2019-07-12,-0.002509114826463727,0.00800202076072342,0.0055077195555428,0.35583124317923215,-0.18738495650362882,-0.25071852487580903,0.0024943012051806207,0.06333356837218021,0.05238205960303043
2019-07-15,-0.0012000625786339606,0.001770141090678376,-0.0014684577890466,0.3546311806005982,-0.18561481541295044,-0.2521869826648556,0.003238598879724976,0.06657216725190518,0.052920304902785945
2019-07-16,-0.0015055937257746818,-0.0009053377884349435,-0.0008350347651256,0.3531255868748235,-0.18652015320138537,-0.2530220174299812,-7.030302330934346e-05,0.06650186422859583,0.05425830315595868
2019-07-17,0.0004089205382806924,-0.01732446005504151,-0.011318673644074,0.35353450741310416,-0.2038446132564269,-0.2643406910740552,-0.006005786410967509,0.060496077817628335,0.05639336152646146
2019-07-18,0.0007870686991675986,0.0055573925926114,0.0080696156983001,0.3543215761122718,-0.1982872206638155,-0.2562710753757551,-0.002512223105688701,0.05798385471193962,0.057314114309275827
2019-07-19,0.0031232070064194676,-0.02678149206054068,-0.0134186293568614,0.35744478311869127,-0.22506871272435616,-0.2696897047326165,-0.013362862703679281,0.044620992008260335,0.05768177148796935
2019-07-22,0.0020000988337373466,0.013222026133170412,0.0059722725832454,0.35944488195242863,-0.21184668659118575,-0.2637174321493711,0.007249753549925012,0.051870745558185355,0.05583142559927892
2019-07-23,0.0016023842757408103,0.012522741563188503,0.0090516902916903,0.36104726622816946,-0.19932394502799725,-0.2546657418576808,0.0034710512714982034,0.05534179682968357,0.05639799794659672
2019-07-24,-0.0007998385387967822,0.002188090977369871,0.0052382761029249,0.3602474276893727,-0.19713585405062736,-0.2494274657547559,-0.0030501851255550294,0.05229161170412855,0.05496437068150525
2019-07-25,0.003199625144651068,0.0018048002666873396,0.0013741817259798,0.36344705283402373,-0.19533105378394003,-0.2480532840287761,0.0004306185407075395,0.05272223024483608,0.05351321730965119
2019-07-26,0.0009643269008058802,-0.0002794813055742284,-0.0007776909861013,0.3644113797348296,-0.19561053508951426,-0.24883097501487741,0.0004982096805270717,0.053220439925363155,0.05298323303719859
2019-07-29,0.0025628664779056803,0.006746573363725655,0.0043107022622238,0.3669742462127353,-0.1888639617257886,-0.24452027275265362,0.0024358711015018547,0.055656311026865024,0.05215781599627458
2019-07-30,0.00241695445711707,-0.005915821117249042,-0.0070214188614364,0.36939120066985237,-0.19477978284303762,-0.25154169161409,0.0011055977441873583,0.05676190877105239,0.05211329852187198
2019-07-31,0.0032706651668513503,-0.002969725403575176,-0.007148519301761,0.37266186583670374,-0.1977495082466128,-0.25869021091585104,0.0041787938981858236,0.060940702669238234,0.04990891464959961
2019-08-01,-0.0005161824437894499,-0.017005510291268875,-0.014864137074213,0.3721456833929143,-0.21475501853788168,-0.27355434799006406,-0.0021413732170558752,0.058799329452182386,0.049532851515981566
2019-08-02,-0.001091795005377765,-0.012080078664923773,-0.0162535993097497,0.37105388838753656,-0.22683509720280545,-0.28980794729981374,0.004173520644825925,0.06297285009700829,0.0501711554659812
2019-08-05,-0.0018974121218258242,-0.02980063529700689,-0.0164958133832842,0.36915647626571074,-0.25663573249981236,-0.30630376068309795,-0.01330482191372269,0.049668028183285584,0.0502268844144839
2019-08-06,0.0014236303421403605,-0.003046843962735754,-0.003760972526929,0.3705801066078511,-0.2596825764625481,-0.3100647332100269,0.000714128564193246,0.05038215674747881,0.05138073636875252
2019-08-07,-0.0010906161759835155,0.005653578313368434,0.0097574436155389,0.36948949043186763,-0.2540289981491797,-0.30030728959448805,-0.0041038653021704665,0.04627829144530837,0.04925166836930956
2019-08-08,0.0006103689797500714,-0.011535285657324269,-0.0085564940562342,0.3700998594116177,-0.26556428380650393,-0.30886378365072226,-0.00297879160109007,0.043299499844218325,0.04871265575336041
2019-08-09,0.0004030937755767306,0.017472805337324274,0.0157441059917423,0.37050295318719445,-0.24809147846917967,-0.29311967765897995,0.001728699345581973,0.04502819918980028,0.048975472264427854
2019-08-12,-0.0008046665268226625,-0.006027565144486833,-0.0069956035420279,0.3696982866603718,-0.2541190436136665,-0.30011528120100783,0.0009680383975410678,0.04599623758734134,0.048142736574142524
2019-08-13,0.002068701640535979,0.006769534619213539,0.0047523215001223,0.37176698830090776,-0.24734950899445296,-0.29536295970088555,0.002017213119091239,0.04801345070643259,0.04882897613471566
2019-08-14,-0.0011598170784862165,0.003018776660195303,0.0032629898295355,0.37060717122242154,-0.24433073233425764,-0.29209996987135006,-0.0002442131693401973,0.04776923753709242,0.04893615228078783
2019-08-15,0.001957732811350775,0.004011252440950977,0.0034531074878289,0.3725649040337723,-0.24031947989330665,-0.28864686238352116,0.0005581449531220769,0.04832738249021451,0.04925578355122948
2019-08-16,0.002603915768227483,0.031110324331994305,0.0228493829868133,0.3751688198019998,-0.20920915556131234,-0.26579747939670784,0.008260941345181006,0.0565883238353955,0.04955798690988899
2019-08-19,-0.00020945602849702373,0.0026656085222587955,-0.0007152651295374,0.37495936377350275,-0.20654354703905353,-0.26651274452624524,0.0033808736517961955,0.059969197487191706,0.049454867007779575
2019-08-20,0.0016065565056481307,0.0016044531124813374,-0.0002816222109887,0.37656592027915087,-0.2049390939265722,-0.26679436673723395,0.0018860753234700375,0.06185527281066175,0.049383429612304665
2019-08-21,0.0014245296679640045,0.004420731577752045,0.001633147766652,0.3779904499471149,-0.20051836234882014,-0.2651612189705819,0.0027875838111000445,0.06464285662176178,0.04935991238976344
2019-08-22,-0.0020492878183645054,-0.0031585861358442865,0.0033793314903308,0.3759411621287504,-0.20367694848466444,-0.2617818874802511,-0.0065379176261750865,0.058104938995586664,0.04915639884371571
2019-08-23,-0.0004312792123824395,-0.008033856324208565,-0.0107685680576831,0.37550988291636794,-0.211710804808873,-0.2725504555379342,0.0027347117334745354,0.06083965072906122,0.04867879898149933
2019-08-26,-0.0012123372186147556,0.01846855029282349,0.0145304372334204,0.3742975456977532,-0.1932422545160495,-0.2580200183045138,0.003938113059403092,0.06477776378846431,0.048746711973687164
2019-08-27,-0.0006523501208407214,-0.000104549065655477,-0.0030863154600817,0.3736451955769125,-0.193346803581705,-0.2611063337645955,0.002981766394426223,0.06775953018289052,0.048316024380664443
2019-08-28,-0.00013144562455700754,-0.0007149751909109951,-0.001414086717042,0.3735137499523555,-0.194061778772616,-0.26252042048163754,0.0006991115261310048,0.06845864170902155,0.05044338183634804
2019-08-29,0.003009818080858341,-0.013544996112807099,-0.0039358913738441,0.3765235680332138,-0.2076067748854231,-0.26645631185548163,-0.009609104738962999,0.05884953697005854,0.050157957999916764
2019-08-30,0.0048807240074084934,0.025374234355765704,0.0153533390510022,0.3814042920406223,-0.18223254052965737,-0.2511029728044794,0.010020895304763505,0.06887043227482204,0.05019999995865581
2019-09-02,-0.0013633384196418768,0.006204886512512632,0.0031454121912061,0.38004095362098045,-0.17602765401714474,-0.24795756061327331,0.0030594743213065317,0.07192990659612858,0.05151953314410995
2019-09-03,-0.0009085812849190315,0.00811676804860804,0.0089425186100308,0.3791323723360614,-0.1679108859685367,-0.23901504200324253,-0.0008257505614227608,0.07110415603470582,0.04988808479230659
2019-09-04,-0.000540927400712397,0.00941978251952061,0.0093081368425427,0.378591444935349,-0.1584911034490161,-0.22970690516069983,0.00011164567697790999,0.07121580171168373,0.05152498188847847
2019-09-05,0.004551414212439677,0.0061208533074782025,0.0043773904770668,0.3831428591477887,-0.1523702501415379,-0.22532951468363302,0.0017434628304114023,0.07295926454209511,0.05214442352738384
2019-09-06,0.00020827781378475653,0.021170817019050003,0.0110787287907141,0.3833511369615734,-0.1311994331224879,-0.21425078589291893,0.010092088228335903,0.08305135277043102,0.052543969475344704
2019-09-09,-0.0018530236741579546,0.0012909199220997815,-0.0017753691049116,0.38149811328741545,-0.12990851320038813,-0.21602615499783054,0.0030662890270113817,0.08611764179744241,0.05226455148303218
2019-09-10,0.0026253410847701724,-0.004407545028072049,-0.0051386714178541,0.38412345437218565,-0.13431605822846018,-0.22116482641568463,0.0007311263897820516,0.08684876818722445,0.05121873025456038
2019-09-11,0.0007345608701877857,0.006309917068154778,0.0068080741613192,0.38485801524237345,-0.1280061411603054,-0.21435675225436543,-0.0004981570931644223,0.08635061109406003,0.0483197099189952
2019-09-12,0.00047045916970923706,0.00423214883800816,-0.0001504411195609,0.3853284744120827,-0.12377399232229724,-0.21450719337392632,0.00438258995756906,0.09073320105162908,0.04717979563684079
2019-09-16,0.00287869132271022,-0.022357445061601085,-0.0182574066341475,0.3882071657347929,-0.14613143738389833,-0.2327646000080738,-0.004100038427453587,0.08663316262417547,0.04674230102582339
2019-09-17,0.005199744981694547,0.0029642996084758883,0.0021404972263647,0.3934069107164875,-0.14316713777542245,-0.2306241027817091,0.0008238023821111884,0.08745696500628666,0.04632804609675178
2019-09-18,0.004196909476745364,0.011793032811617324,0.005867524825609,0.3976038201932328,-0.13137410496380514,-0.2247565779561001,0.005925507986008324,0.09338247299229496,0.0456340507637901
2019-09-19,0.001041746294735598,0.0016668855686131267,0.0021868905021832,0.3986455664879684,-0.129707219395192,-0.2225696874539169,-0.0005200049335700732,0.09286246805872489,0.04535709248991546
2019-09-20,0.004018728702988443,-0.006910893842867861,-0.0099539017118717,0.4026642951909568,-0.13661811323805986,-0.23252358916578858,0.003043007869003839,0.09590547592772872,0.044732056781434645
2019-09-23,0.0008885445164758687,0.0018186637531228662,0.0022805587864175,0.40355283970743266,-0.134799449484937,-0.23024303037937108,-0.0004618950332946337,0.09544358089443408,0.043954566222887195
2019-09-24,0.0026754322471946516,-0.01887136189276457,-0.0116868330318336,0.4062282719546273,-0.15367081137770155,-0.24192986341120468,-0.00718452886093097,0.08825905203350312,0.04422722514982957
2019-09-25,0.0044417654408292345,-0.026890811675436187,-0.0137195685600183,0.41067003739545654,-0.18056162305313775,-0.255649431971223,-0.013171243115417886,0.07508780891808522,0.04479984105468273
2019-09-26,0.0012841646926834464,0.009374749150788907,0.00357064854609,0.41195420208814,-0.17118687390234885,-0.25207878342513296,0.005804100604698907,0.0808919095227841,0.04623544138673726
2019-09-27,0.002862158816810348,-0.010413230598821542,-0.009799211379862,0.41481636090495033,-0.1816001045011704,-0.26187799480499496,-0.0006140192189595418,0.08027789030382457,0.047128593756541215
2019-09-30,-0.0007849568377943509,0.0011271580450300828,0.0029397057947559,0.414031404067156,-0.18047294645614032,-0.2589382890102391,-0.001812547749725817,0.07846534255409876,0.04834834927770661
2019-10-08,0.001215646914624347,0.009864119216830875,0.0047585211133725,0.41524705098178033,-0.17060882723930945,-0.2541797678968666,0.005105598103458376,0.08357094065755713,0.050046131287479395
2019-10-09,-0.00048045019399489783,0.011985564772379656,0.0095599653174757,0.41476660078778543,-0.1586232624669298,-0.2446198025793909,0.0024255994549039553,0.0859965401124611,0.05146129029443366
2019-10-10,-0.0009146312049603643,0.0017199114295817985,0.0070422060370176,0.41385196958282505,-0.15690335103734798,-0.2375775965423733,-0.005322294607435802,0.0806742455050253,0.051533952458675605
2019-10-11,-0.0013183016686954478,0.015440147174873702,0.0121976383994122,0.4125336679141296,-0.14146320386247427,-0.22537995814296108,0.003242508775461502,0.08391675428048681,0.052249116837250725
2019-10-14,0.005713808950429781,-0.009348075847179163,-0.0072456442893855,0.4182474768645594,-0.15081127970965344,-0.2326256024323466,-0.002102431557793663,0.08181432272269315,0.05222671068643166
2019-10-15,0.0022290922525497275,-0.005428942881901223,-0.0041725906644979,0.4204765691171091,-0.15624022259155465,-0.2367981930968445,-0.0012563522174033233,0.08055797050528984,0.05234873137644338
2019-10-16,0.00017684521815218115,-0.0013220786394063488,-4.909195908094479e-05,0.4206534143352613,-0.157562301230961,-0.23684728505592545,-0.001272986680325404,0.07928498382496446,0.05151585023808242
2019-10-17,0.0012817971786015661,-0.013262648478496225,-0.0127693919484936,0.4219352115138629,-0.17082494970945722,-0.24961667700441906,-0.0004932565300026261,0.07879172729496184,0.0524971026032336
2019-10-18,-9.34312932722602e-06,-0.003498706005010535,0.0012430251199828,0.42192586838453566,-0.17432365571446776,-0.24837365188443625,-0.004741731124993335,0.07404999616996849,0.054005612737976195
2019-10-21,0.0014724820945269446,0.011402075515032147,0.0061781057422775,0.4233983504790626,-0.16292158019943562,-0.24219554614215874,0.005223969772754647,0.07927396594272312,0.05363396954910037
2019-10-22,0.002866909341707648,-0.004583958948606015,-0.0052665686975749,0.42626525982077024,-0.16750553914804164,-0.24746211483973363,0.000682609748968885,0.07995657569169198,0.053900198607476246
2019-10-23,0.0024609065237246874,0.0003990183874206053,-0.0004135939187166,0.4287261663444949,-0.16710652076062105,-0.24787570875845022,0.0008126123061372053,0.08076918799782917,0.05293711222053448
2019-10-24,-0.0009906973768480602,0.0060063151496184105,0.0059944959986569,0.42773546896764686,-0.16110020561100263,-0.24188121275979332,1.1819150961510372e-05,0.08078100714879069,0.05310471485741974
2019-10-25,-0.00412014976000169,0.016945924516350134,0.0099450100610279,0.42361531920764517,-0.1441542810946525,-0.23193620269876541,0.0070009144553222335,0.08778192160411291,0.05245232565499363
2019-10-28,0.0002466024960513309,-0.014294820680706203,-0.0085725913683219,0.4238619217036965,-0.1584491017753587,-0.2405087940670873,-0.005722229312384303,0.0820596922917286,0.05233681176765662
2019-10-29,0.0017486008863381787,-0.012059186537037175,-0.0060336105913678,0.4256105225900347,-0.17050828831239587,-0.24654240465845512,-0.006025575945669374,0.07603411634605925,0.05206568529372525
2019-10-30,0.0021217502583694993,-0.011167286719728138,-0.0048025433788397,0.4277322728484042,-0.181675575032124,-0.2513449480372948,-0.006364743340888438,0.06966937300517079,0.0516393002768662
2019-10-31,0.0007629541076308139,0.010197634078524347,0.0107465880022442,0.42849522695603504,-0.17147794095359967,-0.24059836003505058,-0.0005489539237198519,0.06912041908145092,0.05091881843823065
2019-11-01,0.00016007564109955227,0.002469947893530936,0.0059445119481917,0.4286553025971346,-0.16900799306006872,-0.23465384808685888,-0.003474564054660764,0.06564585502679016,0.04990919883918964
2019-11-04,-5.8622193763113975e-05,0.0018389456390789003,0.0053922270624829,0.42859668040337146,-0.1671690474209898,-0.22926162102437597,-0.003553281423404,0.06209257360338616,0.04986961560916897
2019-11-05,0.0023142012196696042,-0.008662336749527178,-0.0052159015843481,0.4309108816230411,-0.175831384170517,-0.23447752260872406,-0.003446435165179078,0.05864613843820707,0.04999628243017729
2019-11-06,-0.0006304239503043049,0.006476513256494527,0.0021234738642791,0.43028045767273676,-0.16935487091402246,-0.23235404874444496,0.004353039392215426,0.0629991778304225,0.049921621735809336
2019-11-07,0.0047611937390011705,-0.001359517391750718,-0.0045939467804841,0.43504165141173795,-0.17071438830577318,-0.23694799552492907,0.003234429388733382,0.06623360721915589,0.04957053808860354
2019-11-08,-0.0017672685422590417,-0.02612605103642797,-0.0197335825760163,0.4332743828694789,-0.19684043934220113,-0.2566815781009454,-0.006392468460411669,0.05984113875874425,0.04966011342942691
2019-11-11,-0.0023697865728306376,0.0029449873623181473,0.0015200640762116,0.43090459629664823,-0.19389545197988298,-0.2551615140247338,0.0014249232861065473,0.06126606204485083,0.05021952169578062
2019-11-12,0.0007367005141438539,-0.004612852723817657,-0.002612353346803,0.4316412968107921,-0.19850830470370062,-0.2577738673715368,-0.0020004993770146567,0.05926556266783617,0.049328494715781934
2019-11-13,-0.00041975646420772014,0.005135888324767948,0.0024455100954825,0.4312215403465844,-0.19337241637893268,-0.2553283572760543,0.0026903782292854476,0.061955940897121614,0.04901535932840868
2019-11-14,0.0014965335354254128,-0.012705386636193838,-0.0077885634027354,0.4327180738820098,-0.20607780301512651,-0.2631169206787897,-0.004916823233458438,0.05703911766366321,0.049208744475458595
2019-11-15,-0.0006024379342314529,0.007602801774812432,0.0063820170244894,0.43211563594777835,-0.1984750012403141,-0.2567349036543003,0.001220784750323032,0.05825990241398621,0.04930727116194554
2019-11-18,-2.3377882062961334e-05,0.01690647497872302,0.0112394574087703,0.4320922580657154,-0.18156852626159106,-0.24549544624553,0.00566701756995272,0.06392691998393893,0.04906591224903579
2019-11-19,-0.0007671620101704392,-0.006737992867546127,-0.0079439541999695,0.4313250960555449,-0.18830651912913718,-0.2534394004454995,0.0012059613324233737,0.06513288131636233,0.049143903148649457
2019-11-20,-0.0015530017295527655,-0.0011526602785020964,-0.0027978829685693,0.42977209432599217,-0.1894591794076393,-0.2562372834140688,0.0016452226900672037,0.06677810400642953,0.04988299943349736
2019-11-21,0.0016042642428205599,-0.008729382239630636,-0.0093177854849555,0.43137635856881273,-0.19818856164726992,-0.2655550688990243,0.0005884032453248641,0.06736650725175439,0.05030987614804896
2019-11-22,0.0019268753772710792,-0.0029695033207922045,0.0037868899582502,0.43330323394608383,-0.20115806496806213,-0.2617681789407741,-0.006756393279042405,0.06061011397271196,0.05101610769106187
2019-11-25,-7.445049945678463e-05,-0.0014150428106015278,0.0014051761976877,0.4332287834466271,-0.20257310777866366,-0.2603630027430864,-0.0028202190082892275,0.05778989496442272,0.05167620723300089
2019-11-26,0.000617426487887787,-0.0013712718414325617,-0.0018954533575236,0.43384620993451484,-0.20394437962009623,-0.26225845610061,0.0005241815160910383,0.05831407648051376,0.05154093520440095
2019-11-27,-0.0016245566204239766,-0.004251465937695155,-0.004066299379376,0.43222165331409085,-0.2081958455577914,-0.266324755479986,-0.0001851665583191553,0.05812890992219463,0.050398838073447694
2019-11-28,0.0015704150951928383,0.0017094237603928802,-0.0051875343012178,0.4337920684092837,-0.2064864217973985,-0.27151228978120384,0.006896958061610681,0.06502586798380533,0.049995977209142055
2019-11-29,0.0008894228212545664,0.002462314393264868,0.0018803461471114,0.4346814912305383,-0.20402410740413365,-0.26963194363409243,0.0005819682461534678,0.06560783622995878,0.04964409190285691
2019-12-02,0.0008068041636330998,0.005735880414842464,0.0034864077380021,0.4354882953941714,-0.1982882269892912,-0.26614553589609036,0.002249472676840364,0.06785730890679917,0.050141525213132955
2019-12-03,0.000750129811195068,0.0010689032992107629,-0.0009298270846921,0.43623842520536643,-0.19721932369008044,-0.26707536298078244,0.001998730383902863,0.069856039290702,0.049439242697472525
2019-12-04,-0.000513450485273222,0.009937490274535422,0.0083885061706709,0.4357249747200932,-0.18728183341554502,-0.25868685681011155,0.0015489841038645227,0.07140502339456653,0.04850759051489827
2019-12-05,-0.0007597675334797116,0.006356578168254871,0.005270032783897,0.43496520718661347,-0.18092525524729014,-0.25341682402621457,0.0010865453843578706,0.07249156877892443,0.04911866351576623
2019-12-06,-0.001954412111965403,0.002603822656775737,7.037958078877636e-05,0.43301079507464807,-0.1783214325905144,-0.2533464444454258,0.002533443075986961,0.07502501185491142,0.0478088818397419
2019-12-09,-0.0030900249940943696,0.003501927659413095,0.0015704567154547,0.4299207700805537,-0.1748195049311013,-0.2517759877299711,0.001931470943958395,0.07695648279886982,0.04738312203216347
2019-12-10,0.0005584807954500332,-0.0022933895975729922,0.000162882249033,0.4304792508760037,-0.1771128945286743,-0.2516131054809381,-0.0024562718466059922,0.07450021095226383,0.04702149191821331
2019-12-11,0.005312233785471555,-0.0005397297762442419,-0.0023316226983488,0.43579148466147527,-0.17765262430491854,-0.2539447281792869,0.001791892922104558,0.07629210387436838,0.046251590920907644
2019-12-12,0.0001425565468159673,0.01094131341257044,0.016691756377315,0.4359340412082912,-0.1667113108923481,-0.2372529718019719,-0.00575044296474456,0.0705416609096238,0.044941943701133885
2019-12-13,-0.002215559973843633,0.015082697067985746,0.0081030303960373,0.43371848123444756,-0.15162861382436238,-0.22914994140593462,0.0069796666719484455,0.07752132758157224,0.044729948123088586
2019-12-16,-0.002241730252244263,0.011590544108713581,0.01244994985073,0.4314767509822033,-0.1400380697156488,-0.2166999915552046,-0.0008594057420164194,0.07666192183955581,0.04441861881841978
2019-12-17,-0.00022571759130020252,0.001641359019477124,-0.0010819306794697,0.4312510333909031,-0.13839671069617168,-0.21778192223467432,0.002723289698946824,0.07938521153850264,0.04495735090564452
2019-12-18,0.0015282234143540229,0.006481693739971872,0.0008162748866563,0.43277925680525714,-0.1319150169561998,-0.21696564734801801,0.005665418853315572,0.0850506303918182,0.04648183443854768
2019-12-19,0.003377557693952222,-0.009318069506330316,-0.005296488944981,0.43615681449920934,-0.14123308646253013,-0.222262136292999,-0.004021580561349316,0.08102904983046888,0.04909216631437104
2019-12-20,0.005340260616240027,-0.019971413215981663,-0.0161841024061907,0.4414970751154494,-0.1612044996785118,-0.2384462386991897,-0.003787310809790962,0.07724173902067791,0.049042325008602144
2019-12-23,0.0002188892883389595,0.01524183307127403,0.0088647141414445,0.44171596440378835,-0.14596266660723778,-0.22958152455774522,0.00637711892982953,0.08361885795050744,0.04998511950320162
2019-12-24,0.0008790004242745787,0.0037728039031286933,0.0011317226346504,0.44259496482806293,-0.14218986270410908,-0.22844980192309483,0.0026410812684782934,0.08625993921898575,0.050995685434128975
2019-12-25,0.0012756527909663674,0.008834456954530986,0.0078961686844507,0.4438706176190293,-0.1333554057495781,-0.22055363323864413,0.0009382882700802869,0.08719822748906603,0.05106237654240083
2019-12-26,-3.791402418737563e-05,-0.006751720791814793,-0.0029584728227726,0.4438327035948419,-0.1401071265413929,-0.22351210606141672,-0.003793247969042193,0.08340497952002382,0.051482640685549926
2019-12-27,0.003625670515235553,0.00671934733812403,0.0107264979851306,0.44745837411007744,-0.13338777920326886,-0.21278560807628613,-0.00400715064700657,0.07939782887301727,0.051629379159663286
2019-12-30,0.0008658492494808544,0.00514682131355873,0.0037023879040898,0.4483242233595583,-0.12824095788971013,-0.20908322017219633,0.0014444334094689303,0.0808422622824862,0.05109624646134402
2019-12-31,-0.0040859397586480595,0.01742109320435981,0.0141089223778344,0.4442382836009102,-0.11081986468535032,-0.19497429779436193,0.0033121708265254086,0.0841544331090116,0.048741071698534644
2020-01-02,9.842403723498108e-05,0.00532693306147987,0.0005281169580906,0.4443367076381452,-0.10549293162387045,-0.19444618083627133,0.004798816103389269,0.08895324921240087,0.04656179760973409
2020-01-03,-0.0021247951905866607,0.006682711027208273,0.0008530390358916,0.44221191244755853,-0.09881022059666218,-0.19359314180037973,0.005829671991316673,0.09478292120371755,0.0456796113559699
2020-01-06,-0.0010014047352498775,0.012643458299853898,0.008604261163525,0.44121050771230863,-0.08616676229680828,-0.18498888063685473,0.004039197136328899,0.09882211834004645,0.04490709639421324
2020-01-07,0.0034419241810730314,-0.01318931365839999,-0.0127284533793475,0.44465243189338166,-0.09935607595520828,-0.19771733401620223,-0.0004608602790524899,0.09836125806099395,0.04498319705393206
2020-01-08,0.0006821381218274913,0.01467511926637058,0.0115453480801819,0.44533457001520915,-0.0846809566888377,-0.18617198593602033,0.0031297711861886807,0.10149102924718263,0.044961320164097755
2020-01-09,0.0044662183518554095,-0.0015407462912770278,-0.001201646950036,0.44980078836706455,-0.08622170298011472,-0.18737363288605632,-0.0003390993412410279,0.1011519299059416,0.04394390363811678
2020-01-10,0.0014171109992400803,0.01076600455205231,0.009672831734877,0.45121789936630463,-0.0754556984280624,-0.1777008011511793,0.00109317281717531,0.1022451027231169,0.04448028856831073
2020-01-13,0.0028066250409966814,0.0015821671294104463,-0.0027524131272164,0.4540245244073013,-0.07387353129865196,-0.18045321427839572,0.004334580256626847,0.10657968297974377,0.043953094017216435
2020-01-14,0.0019790869275455457,-0.003619457053597802,-0.0045419134662777,0.45600361133484685,-0.07749298835224976,-0.18499512774467342,0.0009224564126798984,0.10750213939242366,0.04360983124210537
2020-01-15,-0.0008839114195784291,-0.0047582871100473635,-0.0040321188228656,0.4551196999152684,-0.08225127546229712,-0.18902724656753903,-0.0007261682871817637,0.10677597110524191,0.04413475518910468
2020-01-16,0.0027245129336916462,-0.0032079015900256923,-0.0008735779147625,0.45784421284896004,-0.08545917705232281,-0.18990082448230153,-0.0023343236752631923,0.10444164742997872,0.04558468436414439
2020-01-17,-0.0010034759849249075,0.008146468412246342,0.0088877801631541,0.45684073686403515,-0.07731270864007647,-0.18101304431914744,-0.0007413117509077576,0.10370033567907097,0.04416698205187161
2020-01-20,0.00028326812343490383,-0.012976486408169318,-0.0140681450135861,0.45712400498747,-0.09028919504824579,-0.19508118933273355,0.0010916586054167815,0.10479199428448777,0.04342499359041155
2020-01-21,-0.0026965746575948486,-7.000088662331264e-05,0.0042237011755403,0.45442743032987515,-0.0903591959348691,-0.19085748815719325,-0.004293702062163613,0.10049829222232415,0.0419213005794694
2020-01-22,0.002886509426256549,-0.03484817363345453,-0.0303530414876742,0.4573139397561317,-0.12520736956832362,-0.22121052964486745,-0.004495132145780328,0.09600316007654383,0.04194676893303827
2020-01-23,-0.0010524311418622545,-0.09433928167053218,-0.0839558783078966,0.45626150861426945,-0.2195466512388558,-0.30516640795276406,-0.010383403362635588,0.08561975671390826,0.042407537228453356
2020-02-03,-0.005976389167838758,-0.009901789820230534,0.0159934800058524,0.4502851194464307,-0.22944844105908635,-0.2891729279469117,-0.025895269826082933,0.059724486887825334,0.04274645138468059
2020-02-04,-0.004069943407414941,0.02491273441515022,0.0160983575078041,0.4462151760390157,-0.20453570664393614,-0.2730745704391076,0.008814376907346117,0.06853886379517146,0.043382879712337674
2020-02-05,-0.004502292431185024,0.024548149741080005,0.0204170640748076,0.4417128836078307,-0.17998755690285614,-0.2526575063643,0.004131085666272405,0.07266994946144387,0.042688609428137486
2020-02-06,0.0010430011737559974,0.011891659503279943,0.0024705892104518,0.4427558847815867,-0.1680958973995762,-0.2501869171538482,0.009421070292828142,0.08209101975427202,0.04237347341692911
2020-02-07,0.0007866849630432717,0.014926936014880526,0.0069441085832506,0.44354256974462997,-0.15316896138469568,-0.24324280857059763,0.007982827431629926,0.09007384718590195,0.04374483327750052
2020-02-10,0.002889394792347977,-0.0048279597216462035,0.0028346658585614,0.4464319645369779,-0.1579969211063419,-0.24040814271203623,-0.0076626255802076035,0.08241122160569433,0.044879812023302004
2020-02-11,-0.004702672955204079,0.014512590034880266,0.010742225376879,0.4417292915817738,-0.14348433107146163,-0.22966591733515723,0.0037703646580012663,0.0861815862636956,0.04677248441009728
2020-02-12,-0.0012617960606965079,-0.010566610310923695,-0.0076362976080673,0.44046749552107733,-0.15405094138238534,-0.23730221494322454,-0.0029303127028563955,0.0832512735608392,0.047605660181037825
2020-02-13,0.0025146285975995173,0.0030527180873127467,0.0040491099584296,0.4429821241186769,-0.1509982232950726,-0.23325310498479493,-0.0009963918711168532,0.08225488168972234,0.04787722643167664
2020-02-14,0.0012645313413263643,0.03351820529294944,0.0255971865209158,0.44424665546000325,-0.11748001800212315,-0.20765591846387912,0.007921018772033637,0.09017590046175597,0.048518479307552084
2020-02-17,-0.0018796102973854508,0.01603304214579663,0.0032635524603278,0.4423670451626178,-0.10144697585632653,-0.20439236600355132,0.01276948968546883,0.10294539014722479,0.04886458220639997
2020-02-18,0.007428615774126607,-0.0033444114442244713,-0.0039196365553527,0.44979566093674445,-0.104791387300551,-0.20831200255890403,0.000575225111128229,0.10352061525835303,0.04966116156552823
2020-02-19,-0.0006893713865347692,0.018192302271498827,0.0189919389258269,0.4491062895502097,-0.08659908502905217,-0.18932006363307713,-0.0007996366543280738,0.10272097860402496,0.04719160855904138
2020-02-20,-0.003668504722298727,0.00974118583974922,0.0058669525660862,0.44543778482791097,-0.07685789918930296,-0.18345311106699091,0.003874233273663019,0.10659521187768796,0.04534580436085779
2020-02-21,-0.003445513972057321,0.011885620760164913,0.0027883306733683,0.44199227085585363,-0.06497227842913804,-0.1806647803936226,0.009097290086796612,0.11569250196448456,0.04351582702809268
2020-02-24,-0.012476274480168626,-0.0055558828403142815,-0.0020408841747316,0.429515996375685,-0.07052816126945233,-0.18270566456835421,-0.0035149986655826815,0.11217750329890189,0.042021129186156456
2020-02-25,0.002334000823646797,-0.015252697374054254,-0.0161072019505644,0.4318499971993318,-0.08578085864350658,-0.1988128665189186,0.0008545045765101459,0.11303200787541202,0.040511210019640115
2020-02-26,0.007246766906843601,0.004539069275295833,0.0012654558024666,0.43909676410617543,-0.08124178936821075,-0.19754741071645202,0.0032736134728292327,0.11630562134824127,0.04043897641787731
2020-02-27,-0.004228278499544408,-0.05770735380825144,-0.042878230349035,0.43486848560663105,-0.13894914317646218,-0.24042564106548703,-0.014829123459216442,0.10147649788902485,0.03965857338961996
2020-02-28,0.0033716666685372713,0.04220576857769037,0.0326540196864701,0.4382401522751683,-0.0967433745987718,-0.20777162137901692,0.00955174889122027,0.11102824678024512,0.039926427741183
2020-03-02,0.00021486385323104664,0.01162628813021117,0.0079341283746392,0.4384550161283994,-0.08511708646856063,-0.19983749300437773,0.00369215975557197,0.1147204065358171,0.04033140629791285
2020-03-03,0.006405554256123313,0.011608889277462012,0.0046872456591321,0.4448605703845227,-0.07350819719109862,-0.19515024734524564,0.006921643618329912,0.12164205015414702,0.03882503660205217
2020-03-04,0.0006519269695816284,0.018402252292302156,0.0183925052447381,0.4455124973541043,-0.055105944898796465,-0.17675774210050754,9.747047564054312e-06,0.12165179720171107,0.03975623677148108
2020-03-05,0.00286780664144756,-0.0003976676466627748,-0.0106966966451653,0.44838030399555184,-0.05550361254545924,-0.18745443874567283,0.010299028998502525,0.1319508262002136,0.039813553215725925
2020-03-06,0.0059134466473020125,-0.031057535051326673,-0.0338423358937558,0.4542937506428539,-0.08656114759678592,-0.22129677463942862,0.002784800842429127,0.1347356270426427,0.039644727068271705
2020-03-09,0.001073408194304682,0.021419309561041478,0.0197244308219401,0.45536715883715856,-0.06514183803574444,-0.2015723438174885,0.0016948787391013777,0.13643050578174407,0.04041243793202306
2020-03-10,0.006101326869111742,-0.006255011499562482,-0.0121267082218645,0.4614684857062703,-0.07139684953530692,-0.21369905203935302,0.005871696722302019,0.1423022025040461,0.04109941159870906
2020-03-11,0.0005397946202777862,-0.019125099118799224,-0.0183227391261787,0.4620082803265481,-0.09052194865410615,-0.23202179116553173,-0.000802359992620523,0.14149984251142558,0.04198605481374471
2020-03-12,-0.000664346037469638,-0.01296969959470331,-0.0124470998769432,0.4613439342890785,-0.10349164824880946,-0.24446889104247493,-0.0005225997177601104,0.14097724279366547,0.0414143747148332
2020-03-13,0.0053968722355830345,-0.03755747825132013,-0.0402289446853721,0.46674080652466154,-0.1410491265001296,-0.284697835727847,0.0026714664340519723,0.1436487092277174,0.04118774512076546
2020-03-16,0.0030377916187038704,-0.0015759940400844436,-0.0039700251080639,0.4697785981433654,-0.14262512054021403,-0.2886678608359109,0.0023940310679794567,0.14604274029569686,0.04194809611620198
2020-03-17,0.008046377171347022,-0.012257017868187467,-0.0177431000208123,0.47782497531471246,-0.1548821384084015,-0.3064109608567232,0.005486082152624834,0.1515288224483217,0.04109693167262607
2020-03-18,0.0021930660259135756,0.008508209465023038,-0.0066889039237193,0.48001804134062603,-0.14637392894337847,-0.3130998647804425,0.015197113388742339,0.16672593583706402,0.041400435824278305
2020-03-19,0.00579534087531632,0.016160545718016405,0.014853480264456,0.48581338221594234,-0.13021338322536208,-0.2982463845159865,0.0013070654535604059,0.16803300129062443,0.04152638620954946
2020-03-20,0.01082029168521209,-0.03435538554814495,-0.0361721857778314,0.4966336739011544,-0.164568768773507,-0.3344185702938179,0.0018168002296864508,0.16984980152031087,0.041962732673858
2020-03-23,0.002508838216393525,0.019492785361356915,0.0228684121432588,0.49914251211754795,-0.1450759834121501,-0.3115501581505591,-0.003375626781901883,0.16647417473840898,0.04220424921880202
2020-03-24,-0.003107082924495721,0.021194712819228523,0.0237322544956723,0.4960354291930522,-0.12388127059292159,-0.2878179036548868,-0.002537541676443777,0.1639366330619652,0.04300442621459441
2020-03-25,0.0031353874135897344,-0.00973631088669745,-0.0067522252258938,0.4991708166066419,-0.13361758147961905,-0.2945701288807806,-0.0029840856608036497,0.16095254740116155,0.0446285856998678
2020-03-26,0.004359639194381167,-0.002631267130094844,1.0218537799160396e-07,0.5035304558010231,-0.1362488486097139,-0.2945700266954026,-0.0026313693154728355,0.1583211780856887,0.044068524989033644
2020-03-27,-0.0018695919936789552,-0.023009040548300577,-0.0133877613633994,0.5016608638073441,-0.15925788915801448,-0.30795778805880203,-0.009621279184901176,0.14869989890078755,0.04414399045070993
2020-03-30,0.005293530131373643,0.0020153639680204638,0.0013719347824401,0.5069543939387178,-0.15724252518999401,-0.30658585327636195,0.0006434291855803638,0.14934332808636794,0.045552601727408916
2020-03-31,-0.0004546947744366401,-0.005764846305587732,-0.0047342997377456,0.5064996991642812,-0.16300737149558175,-0.31132015301410754,-0.001030546567842132,0.14831278151852578,0.04575726193537177
2020-04-01,-0.0049174607187543505,0.01871189156401021,0.0181788253505769,0.5015822384455269,-0.14429547993157155,-0.2931413276635306,0.0005330662134333114,0.14884584773195908,0.04670090422666664
2020-04-02,0.0019002066464095654,-0.004396997260455237,-0.0057986250850124,0.5034824450919364,-0.14869247719202677,-0.298939952748543,0.001401627824557163,0.15024747555651624,0.0466479302338255
2020-04-03,-0.005909368304933692,0.028321526215913266,0.023881049438286,0.4975730767870027,-0.1203709509761135,-0.275058903310257,0.004440476777627267,0.1546879523341435,0.045660557080746046
2020-04-07,0.002669393795703667,0.005438452178899632,-0.0024812230972173,0.5002424705827063,-0.11493249879721387,-0.27754012640747433,0.007919675276116932,0.16260762761026046,0.046072927956668945
2020-04-08,-0.0013297089829542837,0.00724594640665722,0.0052466878705998,0.49891276159975206,-0.10768655239055665,-0.27229343853687454,0.00199925853605742,0.1646068861463179,0.04523618200259148
2020-04-09,0.005608556943661111,-0.02145841422078804,-0.0134743440265424,0.5045213185434132,-0.1291449666113447,-0.28576778256341695,-0.00798407019424564,0.15662281595207225,0.044601839646684405
2020-04-10,0.0014051591204464868,-0.007720715996603501,-0.0061779523012691,0.5059264776638597,-0.1368656826079482,-0.29194573486468606,-0.0015427636953344002,0.15508005225673785,0.045174652608458626
2020-04-13,-0.003093359722375007,0.016598138334026336,0.0177158399200975,0.5028331179414847,-0.12026754427392188,-0.27422989494458855,-0.0011177015860711625,0.15396235067066666,0.04496820731299777
2020-04-14,0.0006535325870509043,-0.005968749782190814,-0.005543502951199,0.5034866505285356,-0.1262362940561127,-0.27977339789578753,-0.00042524683099181334,0.15353710383967484,0.04518956449665801
2020-04-15,0.0003505056016042811,0.00370916262424247,0.0034079593155521,0.5038371561301399,-0.12252713143187023,-0.27636543858023543,0.00030120330869037003,0.15383830714836522,0.04484643992611468
2020-04-16,0.0016382233654183877,0.00020555142127316777,0.0053984703634555,0.5054753794955583,-0.12232158001059706,-0.27096696821677996,-0.0051929189421823325,0.1486453882061829,0.04394718067755625
2020-04-17,0.0019005297664472548,0.011747581434356273,0.0064635519200679,0.5073759092620056,-0.11057399857624078,-0.26450341629671204,0.005284029514288373,0.15392941772047125,0.043248321048218026
2020-04-20,-0.00174182800135994,-0.005477731839309401,-0.0090994553758659,0.5056340812606457,-0.11605173041555018,-0.2736028716725779,0.003621723536556499,0.15755114125702774,0.04240807756718828
2020-04-21,-0.0008234125537147224,0.008788589360933683,0.0070704598178536,0.5048106687069309,-0.1072631410546165,-0.2665324118547243,0.0017181295430800832,0.15926927080010783,0.041829669636773543
2020-04-22,0.0018855779018632389,-0.0033730568396273136,-0.0034633701977576,0.5066962466087942,-0.11063619789424381,-0.2699957820524819,9.031335813028656e-05,0.15935958415823812,0.04210076180238444
2020-04-23,0.007041533703009566,-0.016353217454463675,-0.0122148355639546,0.5137377803118037,-0.12698941534870747,-0.2822106176164365,-0.0041383818905090745,0.15522120226772904,0.041732836608307365
2020-04-24,0.0060782944173036185,-0.005132574987340777,0.0015690421279923,0.5198160747291073,-0.13212199033604824,-0.2806415754884442,-0.006701617115333076,0.14851958515239597,0.04213274557394779
2020-04-27,0.00395073551553523,-0.019817426807982454,-0.0021140433970566,0.5237668102446426,-0.1519394171440307,-0.2827556188855008,-0.017703383410925855,0.13081620174147013,0.042306122826136314
2020-04-28,0.00471767474655611,-0.0009517935185369412,0.002491824796535,0.5284844849911987,-0.15289121066256764,-0.28026379408896585,-0.003443618315071941,0.1273725834263982,0.0418315759896319
2020-04-29,0.0003194262569681905,0.02051552657895654,0.0135705587200531,0.528803911248167,-0.1323756840836111,-0.26669323536891276,0.006944967858903441,0.13431755128530165,0.041558097717686523
2020-04-30,-0.0009474555528005291,0.016294688835535896,0.0085589324224699,0.5278564556953664,-0.11608099524807522,-0.25813430294644285,0.007735756413065996,0.14205330769836763,0.04193198667398041
2020-05-06,0.0019925430546991027,-0.0020160344313589606,-0.0024282335307417,0.5298489987500655,-0.11809702967943418,-0.2605625364771845,0.00041219909938273926,0.14246550679775033,0.04153052520074983
2020-05-07,0.0034596311508957823,0.011645593892777395,0.0096067759488172,0.5333086299009613,-0.10645143578665679,-0.2509557605283673,0.002038817943960195,0.14450432474171054,0.04225164504522196
2020-05-08,0.00112029115894687,0.00024276166943077863,-0.0008699509326946,0.5344289210599081,-0.10620867411722601,-0.2518257114610619,0.0011127126021253787,0.1456170373438359,0.04206894659337854
2020-05-11,0.0015063632729304358,-0.0008538915993014443,-4.566821453865287e-05,0.5359352843328385,-0.10706256571652745,-0.2518713796756006,-0.0008082233847627913,0.14480881395907313,0.04308820768786825
2020-05-12,0.0021362478996241074,0.005505505740612133,0.003258976791462,0.5380715322324626,-0.10155705997591531,-0.24861240288413858,0.0022465289491501333,0.14705534290822325,0.043105291007651
2020-05-13,0.00312394767922277,-0.006665482099511631,-0.0100008595924806,0.5411954799116854,-0.10822254207542695,-0.2586132624766192,0.003335377492968969,0.15039072040119225,0.044233526338941495
2020-05-14,0.0014941692128279138,0.0027274234851304585,8.691489085119892e-05,0.5426896491245133,-0.10549511859029649,-0.258526347585768,0.0026405085942792597,0.1530312289954715,0.045338416111424966
2020-05-15,0.005992135977268216,-0.0017007049758335998,-0.0005423291250112,0.5486817851017816,-0.1071958235661301,-0.25906867671077916,-0.0011583758508223998,0.15187285314464904,0.04559944082374328
2020-05-18,0.0036806713224399436,0.011506909058546285,0.0094467684863002,0.5523624564242215,-0.09568891450758381,-0.24962190822447897,0.002060140572246086,0.15393299371689517,0.04719398226934177
2020-05-19,0.0033192427548659757,-0.006874977332425569,-0.0068560211777389,0.5556816991790875,-0.10256389184000937,-0.25647792940221786,-1.8956154686668517e-05,0.1539140375622085,0.046633660238219556
2020-05-20,0.0060549796884979586,-0.007934003818517187,-0.0071875798934186,0.5617366788675855,-0.11049789565852655,-0.2636655092956365,-0.0007464239250985867,0.15316761363710993,0.045635364473396944
2020-05-21,0.002753665162389392,-0.0154694076117033,-0.0201658582114483,0.5644903440299749,-0.12596730327022984,-0.28383136750708476,0.0046964505997450015,0.15786406423685492,0.04580771130362788
2020-05-22,0.003937139139795322,0.00012245362917083502,0.0001333874940177,0.5684274831697702,-0.12584484964105902,-0.28369798001306706,-1.0933864846864966e-05,0.15785313037200804,0.0455702351902242
2020-05-25,0.00042557624513458856,0.02005132666567194,0.0139627606488795,0.5688530594149048,-0.10579352297538708,-0.26973521936418754,0.006088566016792439,0.16394169638880046,0.046072301992624555
2020-05-26,0.004687853550089169,-0.0009244103896311755,-0.0055514475072795,0.573540912964994,-0.10671793336501825,-0.275286666871467,0.004627037117648324,0.16856873350644877,0.046769519066363466
2020-05-27,0.0032085514079904964,-0.0022582743837443312,0.0009344688187977,0.5767494643729845,-0.10897620774876259,-0.2743521980526693,-0.0031927432025420314,0.1653759903039067,0.04602538066088858
2020-05-28,0.0013873197975796444,0.006335714760884314,0.0037428728461228,0.5781367841705641,-0.10264049298787827,-0.2706093252065465,0.002592841914761514,0.16796883221866826,0.04596348815731989
2020-05-29,-0.0052186779622904545,0.025370258980740502,0.0249387751073335,0.5729181062082737,-0.07727023400713776,-0.24567055009921301,0.00043148387340700284,0.16840031609207526,0.046566472950152135
2020-06-01,-0.0007003816061797867,0.0043159136931878,0.0015383290245091,0.5722177246020939,-0.07295432031394995,-0.24413222107470392,0.0027775846686786997,0.17117790076075395,0.04709160054631614
2020-06-02,-0.004955320527155356,-0.0018861123475767466,0.0004080395253509,0.5672624040749386,-0.07484043266152669,-0.24372418154935302,-0.0022941518729276467,0.1688837488878263,0.04734758869611422
2020-06-03,0.0026541352033985473,0.003537872811517858,-0.0024726078448142,0.5699165392783371,-0.07130255985000883,-0.24619678939416723,0.0060104806563320585,0.1748942295441584,0.04731802511265458
2020-06-04,0.00027676636227677944,-0.0012161982584646973,0.0028816830760984,0.5701933056406139,-0.07251875810847352,-0.24331510631806882,-0.004097881334563097,0.1707963482095953,0.04782123342247188
2020-06-05,0.0036856315686935944,-0.0003459532479704925,0.0013330024270189,0.5738789372093075,-0.07286471135644401,-0.24198210389104993,-0.0016789556749893925,0.16911739253460592,0.047570641443633585
2020-06-08,2.9865103006417204e-05,0.00408553571233965,0.0044838593004826,0.5739088023123139,-0.06877917564410437,-0.23749824459056734,-0.00039832358814295005,0.168719068946463,0.0479494225080217
2020-06-09,0.0013376891862741187,-0.0028569741429002133,-0.0010254715430503,0.575246491498588,-0.07163614978700458,-0.23852371613361764,-0.0018315025998499133,0.16688756634661306,0.047706499897521584
2020-06-10,-0.0008949575975890388,-0.003926553334389353,-0.0073178375061998,0.5743515339009989,-0.07556270312139393,-0.24584155363981744,0.0033912841718104466,0.1702788505184235,0.047114621133416655
2020-06-11,0.0003319578984416968,2.140664857286516e-05,0.0003715317452956,0.5746834917994406,-0.07554129647282107,-0.24547002189452183,-0.00035012509672273487,0.16992872542170076,0.04652785564266084
2020-06-12,-0.0015754634155267398,-8.264978539729662e-05,-0.0071603239099464,0.5731080283839138,-0.07562394625821836,-0.25263034580446825,0.007077674124549104,0.1770063995462499,0.046773351174160545
2020-06-15,0.0027018887553420206,0.016747606378569164,0.0151095376815319,0.5758099171392559,-0.0588763398796492,-0.23752080812293636,0.0016380686970372642,0.17864446824328717,0.04601779699058438
2020-06-16,0.004121017257365417,0.0055694405770291945,0.0003703599592386,0.5799309343966214,-0.05330689930262,-0.23715044816369776,0.005199080617790595,0.18384354886107776,0.04598189270367241
2020-06-17,-0.00042144065776060047,-0.0012067542249223433,0.0017561534153602,0.5795094937388607,-0.054513653527542345,-0.23539429474833756,-0.0029629076402825434,0.18088064122079522,0.04650892332812242
2020-06-18,-0.00012952256322921264,0.003580314221417746,0.0102265402392913,0.5793799711756316,-0.0509333393061246,-0.22516775450904628,-0.006646226017873553,0.17423441520292168,0.046587257324912944
2020-06-19,0.0005357546002947263,0.0018209763560856226,0.0004032426524724,0.5799157257759263,-0.04911236295003898,-0.22476451185657387,0.0014177337036132226,0.17565214890653488,0.04671810951596673
2020-06-22,0.0034819521230863245,-0.00040978731079968335,0.0026409936405696,0.5833976778990126,-0.049522150260838664,-0.22212351821600426,-0.003050780951369283,0.1726013679551656,0.04724502012526454
2020-06-23,0.0019343202636486906,-0.0025365502944541918,0.0027269231976254,0.5853319981626613,-0.05205870055529285,-0.21939659501837885,-0.005263473492079592,0.167337894463086,0.04679741715090669
2020-06-24,0.002936071903348923,-0.005251580499872107,-0.005750050956975,0.5882680700660102,-0.05731028105516496,-0.22514664597535386,0.0004984704571028929,0.16783636492018889,0.046112900725105495
2020-06-29,0.0021436025355245363,0.01577695821146564,0.0132322477846155,0.5904116726015348,-0.041533322843699316,-0.21191439819073837,0.0025447104268501407,0.17038107534703906,0.04554192807232229
2020-06-30,-0.0033316379190041316,0.003804493864354882,0.0113858981107979,0.5870800346825307,-0.03772882897934443,-0.20052850007994047,-0.007581404246443019,0.16279967110059604,0.04497320712147165
2020-07-01,-0.002996453021265147,0.013148213165499707,0.0179153673968349,0.5840835816612655,-0.024580615813844724,-0.18261313268310558,-0.004767154231335193,0.15803251686926087,0.04659737163963156
2020-07-02,-0.001404397452704432,0.010933576664315384,0.017579822388895,0.582679184208561,-0.01364703914952934,-0.1650333102942106,-0.006646245724579617,0.15138627114468126,0.04697396907444729
2020-07-03,-0.007285402090530115,0.036005980077009295,0.0502556514778384,0.5753937821180309,0.022358940927479955,-0.1147776588163722,-0.014249671400829104,0.13713659974385214,0.046384518621804045
2020-07-06,-0.0017614856071205608,0.008562142268424578,0.0075100856875547,0.5736322965109104,0.03092108319590453,-0.10726757312881749,0.0010520565808698774,0.13818865632472202,0.04663292267589192
2020-07-07,-0.0038669066506197424,0.01936549897487195,0.016917734833174,0.5697653898602907,0.05028658217077648,-0.0903498382956435,0.00244776414169795,0.14063642046641997,0.04713716196011781
2020-07-08,-0.0030152156569534885,0.02356120389890153,0.0165436605978606,0.5667501742033372,0.07384778606967801,-0.0738061776977829,0.007017543301040929,0.14765396376746093,0.048609381484300315
2020-07-09,0.002672256258835146,-0.006935656854367337,-0.0141846510012592,0.5694224304621723,0.06691212921531067,-0.0879908286990421,0.007248994146891863,0.15490295791435277,0.05034868764010207
2020-07-10,-0.0038463204242089417,0.030594949181070048,0.0231003569870455,0.5655761100379634,0.09750707839638072,-0.06489047171199659,0.007494592194024548,0.1623975501083773,0.0527867513013017
2020-07-13,0.0038178629600607522,-0.005196390158354138,-0.0094116339466495,0.5693939729980241,0.09231068823802657,-0.07430210565864609,0.004215243788295361,0.16661279389667266,0.055350723763768254
2020-07-14,0.010480622415913169,-0.022215867402371334,-0.0176028663557813,0.5798745954139373,0.07009482083565524,-0.09190497201442739,-0.004613001046590036,0.16199979285008265,0.05714983895716494
2020-07-15,0.004553424751952275,-0.04404664693712507,-0.0473889669179266,0.5844280201658896,0.026048173898530175,-0.13929393893235398,0.0033423199808015336,0.16534211283088415,0.05791636862598688
2020-07-16,0.0036011820183995892,0.002277412123724474,0.0033779953353041,0.5880292021842891,0.02832558602225465,-0.13591594359704987,-0.0011005832115796258,0.16424152961930452,0.059687931625211264
2020-07-17,-0.004389825479920869,0.03261689089201064,0.0292532067238604,0.5836393767043683,0.06094247691426529,-0.10666273687318947,0.0033636841681502425,0.16760521378745477,0.0588836951680086
2020-07-20,0.003461407772975387,0.0052691755940644375,0.002877312558369,0.5871007844773437,0.06621165250832972,-0.10378542431482048,0.0023918630356954376,0.16999707682315018,0.055922316971213776
2020-07-21,0.0005396214938644203,0.0050662010481690185,0.0051504130718668,0.5876404059712081,0.07127785355649874,-0.09863501124295368,-8.421202369778176e-05,0.16991286479945242,0.04949727323605917
2020-07-22,0.0010159528899768024,-0.0030452655185617423,-0.0021116783546214,0.588656358861185,0.068232588037937,-0.10074668959757507,-0.0009335871639403422,0.16897927763551207,0.04452120895051047
2020-07-23,0.004221488093611578,-0.03935859477277078,-0.0436565550814571,0.5928778469547965,0.028873993265166216,-0.14440324467903218,0.004297960308686316,0.1732772379441984,0.040980754754773425
2020-07-24,-0.0033253660492945534,-0.0012624701319369823,0.0019737060522999,0.5895524809055019,0.027611523133229232,-0.14242953862673227,-0.003236176184236882,0.1700410617599615,0.03833413829239228
2020-07-27,0.006510494252398901,0.014527968032377311,0.0090677846915971,0.5960629751579009,0.042139491165606544,-0.13336175393513516,0.005460183340780212,0.17550124510074172,0.037579317941815085
2020-07-28,-0.0050675514692858584,0.02074203689650277,0.0229610346545453,0.590995423688615,0.06288152806210931,-0.11040071928058987,-0.002218997758042532,0.17328224734269917,0.03896562223137838
2020-07-29,-0.0004769551858003582,-0.00047442576823198795,-0.0039757990384659,0.5905184685028146,0.062407102293877324,-0.11437651831905576,0.003501373270233912,0.1767836206129331,0.04201856016369118
2020-07-30,-0.001834913208792524,0.010885100759400987,0.0086299385402328,0.5886835552940222,0.07329220305327831,-0.10574657977882296,0.002255162219168187,0.17903878283210128,0.044459774070681836
2020-07-31,-0.0017001320625362655,0.02715641323198897,0.0191081873751593,0.5869834232314859,0.10044861628526729,-0.08663839240366365,0.008048225856829669,0.18708700868893094,0.04665646798603143
2020-08-03,0.004798053113843061,-0.0034493717638941312,-0.0006993424349202,0.591781476345329,0.09699924452137315,-0.08733773483858386,-0.002750029328973931,0.18433697935995702,0.04639033285025461
2020-08-04,0.00042502647042790107,0.009552978273370281,0.0030941549579067,0.5922065028157568,0.10655222279474344,-0.08424357988067716,0.006458823315463581,0.1907958026754206,0.044821518673162426
2020-08-05,3.514740108355324e-05,-0.0014493728780279303,-0.0011282237137211,0.5922416502168404,0.10510284991671551,-0.08537180359439825,-0.00032114916430683025,0.19047465351111376,0.043807943979466246
2020-08-06,-0.00047470081860549366,-0.012880020473204308,-0.0114527499179291,0.5917669493982349,0.0922228294435112,-0.09682455351232735,-0.0014272705552752073,0.18904738295583856,0.04304324453499487
2020-08-07,0.005845234136380776,0.011018363830204556,0.0052981552650361,0.5976121835346158,0.10324119327371577,-0.09152639824729125,0.0057202085651684555,0.19476759152100703,0.04267391928003438
2020-08-10,0.002285197132139004,-0.01879099456746591,-0.0128639834469926,0.5998973806667548,0.08445019870624985,-0.10439038169428386,-0.0059270111204733095,0.1888405804005337,0.04275608025114402
2020-08-11,-0.0008869197190550814,-0.007038836335804478,-0.0084572104848865,0.5990104609476997,0.07741136237044538,-0.11284759217917036,0.0014183741490820228,0.19025895454961572,0.041329223784949035
2020-08-12,0.0005366165267381941,0.006337344340951667,-3.1433639010188624e-05,0.5995470774744379,0.08374870671139704,-0.11287902581818055,0.0063687779799618555,0.1966277325295776,0.039778784177442336
2020-08-13,0.0037580920917612633,0.008761657508532781,0.0121758014974647,0.6033051695661992,0.09251036421992982,-0.10070322432071585,-0.0034141439889319187,0.1932135885406457,0.03896472460573223
2020-08-14,-0.005108266712347533,0.016634433236916556,0.0217238937517613,0.5981969028538516,0.10914479745684638,-0.07897933056895455,-0.005089460514844744,0.18812412802580092,0.039148429277900874
2020-08-17,-0.0016604988013042884,0.006430049268835328,0.0031877246635001,0.5965364040525474,0.1155748467256817,-0.07579160590545445,0.003242324605335228,0.19136645263113616,0.040374370274866636
2020-08-18,0.006506102686808149,-0.012235866643834182,-0.0156012564927147,0.6030425067393556,0.10333898008184753,-0.09139286239816914,0.003365389848880518,0.19473184248001668,0.04156369415128198
2020-08-19,0.004749434949309288,-0.009585390867735001,-0.0132436393622217,0.6077919416886648,0.09375358921411253,-0.10463650176039084,0.003658248494486699,0.19839009097450339,0.04298148525683333
2020-08-20,0.005577861485099127,0.008713594587771364,0.0072124342468663,0.6133698031737639,0.1024671838018839,-0.09742406751352455,0.0015011603409050642,0.19989125131540844,0.04361669979882206
2020-08-21,0.002036257437033019,0.007064738806385436,0.005522243533459,0.615406060610797,0.10953192260826933,-0.09190182398006555,0.0015424952729264363,0.20143374658833488,0.04557714963480452
2020-08-24,0.011380710356765179,0.004014314263568928,-0.0022147774467674,0.6267867709675621,0.11354623687183825,-0.09411660142683295,0.006229091710336327,0.20766283829867122,0.047448530504331385
2020-08-25,0.0025017608505393013,-0.019200076299100304,-0.0150693666373763,0.6292885318181014,0.09434616057273795,-0.10918596806420926,-0.0041307096617240035,0.2035321286369472,0.0473310323015327
2020-08-26,0.004342232320374148,0.013626314716213204,0.007046657279124,0.6336307641384755,0.10797247528895115,-0.10213931078508526,0.006579657437089203,0.2101117860740364,0.047912757908618965
2020-08-27,-0.0005598411520328437,0.008675048541732601,0.0172594718156923,0.6330709229864426,0.11664752383068375,-0.08487983896939295,-0.0085844232739597,0.20152736280007671,0.048474736251790204
2020-08-28,-0.0015139340682897512,0.000135497297443779,-0.0039519696476917,0.6315569889181529,0.11678302112812752,-0.08883180861708466,0.004087466945135479,0.20561482974521217,0.0474391212539219
2020-08-31,0.0012207673653535538,0.006516532334573798,0.0049049425418822,0.6327777562835065,0.12329955346270133,-0.08392686607520246,0.0016115897926915973,0.20722641953790377,0.04678598490976689
2020-09-01,0.0016142676136776297,0.006927280430651324,0.0001991889314246,0.6343920238971842,0.13022683389335266,-0.08372767714377786,0.006728091499226724,0.21395451103713053,0.046821479917680174
2020-09-02,0.0024353079242367963,-0.00910876015920369,-0.007166976876215,0.636827331821421,0.12111807373414897,-0.09089465401999286,-0.0019417832829886905,0.21201272775414182,0.04828501884784157
2020-09-03,0.0012813952447033605,0.0023718745604040144,-0.0075746657857056,0.6381087270661244,0.12348994829455298,-0.09846931980569847,0.009946540346109613,0.22195926810025146,0.04997101651634222
2020-09-04,-0.002557111750485055,-0.011395506048477066,-0.0197086205969941,0.6355516153156394,0.11209444224607591,-0.11817794040269257,0.008313114548517034,0.23027238264876848,0.05119050842074613
2020-09-07,-0.010020918601693338,0.007979714952426602,0.0064997166796187,0.6255306967139461,0.1200741571985025,-0.11167822372307387,0.0014799982728079019,0.23175238092157638,0.05183124546380106
2020-09-08,0.0007427386881478696,-0.0244243988915027,-0.0234231272227519,0.626273435402094,0.0956497583069998,-0.13510135094582576,-0.0010012716687508028,0.23075110925282555,0.051847421966445525
2020-09-09,0.004671461169036111,-0.03893234752973499,-0.0117809931709669,0.6309448965711302,0.05671741077726481,-0.14688234411679266,-0.02715135435876809,0.20359975489405746,0.05154236695049971
2020-09-10,-0.00045331771485802484,0.012998980339147995,0.0101610410433864,0.6304915788562722,0.06971639111641281,-0.13672130307340627,0.002837939295761595,0.20643769418981908,0.051023158436267285
2020-09-11,-0.006370479932277533,0.013158737971620246,0.0068022103793141,0.6241210989239946,0.08287512908803306,-0.12991909269409216,0.006356527592306147,0.2127942217821252,0.04951504515180665
2020-09-14,5.158201175004389e-05,0.0008523418659484344,0.0056164670637524,0.6241726809357446,0.08372747095398149,-0.12430262563033975,-0.004764125197803965,0.20803009658432126,0.04791202527260402
2020-09-15,-0.0007275603452921852,-0.007605267457394365,-0.0057131797344979,0.6234451205904524,0.07612220349658712,-0.13001580536483764,-0.0018920877228964655,0.20613800886142475,0.048023722043191434
2020-09-16,0.005669841901219802,0.00397913420374194,-0.0024650595650308,0.6291149624916722,0.08010133770032905,-0.13248086492986844,0.006444193768772739,0.2125822026301975,0.04719750897116027
2020-09-17,0.0018449432969228075,0.01392617549209901,0.0186661803200471,0.6309599057885951,0.09402751319242807,-0.11381468460982133,-0.004740004827948091,0.20784219780224938,0.04609589303191857
2020-09-18,-0.0007686325464575413,-0.0020398008390429185,-0.0067429601299436,0.6301912732421375,0.09198771235338515,-0.12055764473976494,0.004703159290900682,0.2125453570931501,0.04510969260263272
2020-09-21,0.0014966995069762635,-0.015488798229887404,-0.011983201070702,0.6316879727491138,0.07649891412349775,-0.13254084581046693,-0.0035055971591854036,0.20903975993396468,0.043197459901521
2020-09-22,-0.0008724975449247311,0.004668140761969157,0.0031218884460843,0.6308154752041891,0.08116705488546691,-0.12941895736438264,0.0015462523158848575,0.21058601224984955,0.042795863292024935
2020-09-23,0.0067679999819762054,-0.025316460459780702,-0.0201589407369702,0.6375834751861653,0.05585059442568621,-0.14957789810135283,-0.005157519722810502,0.20542849252703904,0.04218625353343329
2020-09-24,0.004196023190124367,-0.003494778610663111,-0.0011728403602328,0.6417794983762897,0.052355815815023105,-0.15075073846158563,-0.002321938250430311,0.20310655427660873,0.04395390474741098
2020-09-25,0.0008202768443437915,-0.0137196524951481,-0.0026651966944138,0.6425997752206335,0.038636163319875,-0.15341593515599944,-0.0110544558007343,0.19205209847587446,0.04576929822426086
2020-09-28,0.000695133622625222,0.007508961943892876,0.0043687853054387,0.6432949088432587,0.04614512526376788,-0.14904714985056075,0.0031401766384541755,0.19519227511432863,0.046023114911931284
2020-09-29,0.00014515014592939726,-0.002853290004336596,-0.0011066391024152,0.6434400589891881,0.04329183525943128,-0.15015378895297596,-0.0017466509019213958,0.19344562421240724,0.0468429376501803
2020-09-30,-0.005373545720371702,0.02715666544086002,0.0208388676993881,0.6380665132688164,0.0704485007002913,-0.12931492125358784,0.006317797741471919,0.19976342195387914,0.04805918880944196
2020-10-09,-0.005559761410343779,0.027265169186178544,0.0281861076235846,0.6325067518584726,0.09771366988646984,-0.10112881363000324,-0.0009209384374060554,0.1988424835164731,0.04792596108815168
2020-10-12,-0.0019112748122615908,0.002044945189779598,0.0022814373391173,0.630595477046211,0.09975861507624945,-0.09884737629088594,-0.00023649214933770197,0.1986059913671354,0.047467629666325076
2020-10-13,0.003213039932759922,-0.00572741254761276,-0.0062692312202641,0.6338085169789709,0.09403120252863668,-0.10511660751115004,0.0005418186726513395,0.1991478100397867,0.04631765654223664
2020-10-14,0.004997661019075738,-0.005475482383963275,-0.0035614389754624,0.6388061779980466,0.08855572014467342,-0.10867804648661245,-0.0019140434085008744,0.19723376663128586,0.04576676475682601
2020-10-15,-0.0006059057580763015,0.0002905157061814342,-0.0002684631751511,0.6382002722399703,0.08884623585085485,-0.10894650966176354,0.0005589788813325342,0.19779274551261838,0.04491245019976901
2020-10-16,0.0002293943559683827,-0.004503620634094182,-0.00628141890664,0.6384296665959387,0.08434261521676067,-0.11522792856840354,0.0017777982725458172,0.1995705437851642,0.04322048796157941
2020-10-19,-0.0003038546214226403,0.009623997408147353,0.0066450954965493,0.638125811974516,0.09396661262490803,-0.10858283307185423,0.002978901911598053,0.20254944569676225,0.04341569973979635
2020-10-20,0.002968453648480099,-0.010972664974063202,-0.0040546104541061,0.6410942656229961,0.08299394765084483,-0.11263744352596033,-0.0069180545199571016,0.19563139117680517,0.04270270868192232
2020-10-21,0.0026100698667973227,-0.001781233271376382,-0.0044491828007925,0.6437043354897934,0.08121271437946845,-0.11708662632675283,0.0026679495294161183,0.1982993407062213,0.04245667125230233
2020-10-22,0.006294444887453994,-0.010588028226553947,-0.0131107058420918,0.6499987803772475,0.0706246861529145,-0.13019733216884463,0.0025226776155378525,0.20082201832175914,0.04252638897755166
2020-10-23,-0.0008378589055484348,0.001161610380674421,-0.0035309420049798,0.649160921471699,0.07178629653358892,-0.13372827417382444,0.004692552385654221,0.20551457070741336,0.04320292411809889
2020-10-26,0.0007219808289060683,-0.0003458763165618399,0.0021035576020925,0.6498829023006051,0.07144042021702708,-0.13162471657173194,-0.0024494339186543397,0.20306513678875904,0.04385133233900536
2020-10-27,-0.000526384190159128,0.001348214958795789,0.0042141186360345,0.6493565181104459,0.07278863517582287,-0.12741059793569745,-0.002865903677238711,0.20019923311152032,0.04589494862059225
2020-10-28,0.0016152499582380534,-0.001518988325693438,0.0023313287418328,0.650971768068684,0.07126964685012943,-0.12507926919386464,-0.003850317067526238,0.19634891604399407,0.046962279128521356
2020-10-29,0.002001801359122238,-0.026399480827862334,-0.018126305575646,0.6529735694278062,0.044870166022267094,-0.14320557476951062,-0.008273175252216335,0.18807574079177772,0.04776913110180612
2020-10-30,-0.0031294428333939564,0.0015642373489356766,0.0038611785125495,0.6498441265944122,0.04643440337120277,-0.13934439625696113,-0.0022969411636138233,0.1857787996281639,0.04793419364047126
2020-11-02,0.0010245272632768815,0.018625012287602213,0.0132941555613882,0.650868653857689,0.06505941565880498,-0.12605024069557294,0.005330856726214013,0.19110965635437793,0.047791855228596344
2020-11-03,0.0014025691449665403,-0.00241670112333937,0.0023342427291659,0.6522712230026555,0.0626427145354656,-0.12371599796640705,-0.00475094385250527,0.18635871250187264,0.04769487618933357
2020-11-04,-0.0026521618979967066,0.01663516705010317,0.0140304499797451,0.6496190611046588,0.07927788158556878,-0.10968554798666194,0.0026047170703580712,0.18896342957223072,0.0464350429157154
2020-11-05,0.004871466053876618,-0.007712103547407292,-0.0045321189521804,0.6544905271585355,0.07156577803816148,-0.11421766693884235,-0.0031799845952268915,0.18578344497700383,0.04641478660213215
2020-11-06,-0.0026087233650062954,0.019350175623536133,0.0186682803686284,0.6518818037935292,0.09091595366169762,-0.09554938657021395,0.0006818952549077321,0.18646534023191158,0.04661031035661634
2020-11-09,0.005805414618893056,-0.006852421415730986,-0.0064362443573658,0.6576872184124223,0.08406353224596663,-0.10198563092757974,-0.00041617705836518616,0.18604916317354636,0.04703102808106816
2020-11-10,0.005116000494520144,-0.01034132768924199,-0.0101989063988703,0.6628032189069424,0.07372220455672464,-0.11218453732645005,-0.00014242129037169045,0.1859067418831747,0.04896916943264832
2020-11-11,-0.0005836952210937929,0.000736316460644168,0.00011176838547,0.6622195236858486,0.0744585210173688,-0.11207276894098005,0.0006245480751741679,0.18653128995834883,0.0498905542790333
2020-11-12,0.0018003251511953214,-0.0005799567469992692,-0.0072453568614578,0.6640198488370439,0.07387856427036953,-0.11931812580243785,0.0066654001144585305,0.19319669007280738,0.050122415890960566
2020-11-13,0.00231409811413785,0.011353546896232697,0.0095061526691529,0.6663339469511818,0.08523211116660222,-0.10981197313328495,0.0018473942270797964,0.19504408429988718,0.049578331988364886
2020-11-16,-0.0006614367451792094,-0.006076096103133756,-0.0044151776692415,0.6656725102060026,0.07915601506346846,-0.11422715080252645,-0.0016609184338922563,0.1933831658659949,0.0489640024944195
2020-11-17,-0.0006015004687742698,0.0038755661752494434,0.0004796133220536,0.6650710097372283,0.0830315812387179,-0.11374753748047285,0.0033959528531958437,0.19677911871919074,0.04821353966538005
2020-11-18,0.0027956199394205414,0.003961556584286604,0.0052847575815448,0.6678666296766489,0.08699313782300451,-0.10846277989892805,-0.0013232009972581962,0.19545591772193255,0.04678967392367796
2020-11-19,-0.00345193599210895,0.004616943471623557,0.0044297768121089,0.66441469368454,0.09161008129462807,-0.10403300308681915,0.0001871666595146572,0.19564308438144723,0.047892808680639144
2020-11-20,-0.006718933467542223,0.0018284751657552875,0.0093658338655449,0.6576957602169977,0.09343855646038335,-0.09466716922127424,-0.007537358699789613,0.1881057256816576,0.048311476948470156
2020-11-23,-0.00018957225361664146,-0.00033795888542937974,-0.003634470409962,0.6575061879633811,0.09310059757495397,-0.09830163963123624,0.0032965115245326203,0.1914022372061902,0.04885470193968045
2020-11-24,0.004559724222135506,-0.011332547359421909,-0.0135101761628753,0.6620659121855166,0.08176805021553206,-0.11181181579411154,0.0021776288034533915,0.1935798660096436,0.049127281715312485
2020-11-25,0.0023348024772612704,-0.003802814446593298,-3.462519077892706e-05,0.6644007146627778,0.07796523576893877,-0.11184644098489047,-0.0037681892558143713,0.18981167675382923,0.049674262472613695
2020-11-26,0.0016510785995065534,0.0009553644965407232,0.0095939089360324,0.6660517932622844,0.07892060026547949,-0.10225253204885806,-0.008638544439491677,0.18117313231433757,0.04897454925871278
2020-11-27,-0.0014010034507738523,-0.0034635005529635235,-0.0038100512127107,0.6646507898115105,0.07545709971251596,-0.10606258326156877,0.0003465506597471763,0.18151968297408472,0.04741049087200806
2020-11-30,-0.0016779034035863056,0.01204498809432571,0.0173152095975955,0.6629728864079242,0.08750208780684167,-0.08874737366397327,-0.005270221503269789,0.17624946147081494,0.04635237001074958
2020-12-01,0.002367567096294588,0.002191412637696841,-0.0005080321585557,0.6653404535042188,0.08969350044453851,-0.08925540582252897,0.002699444796252541,0.1789489062670675,0.04491749190883752
2020-12-02,0.004114105442353867,-0.0011154059990977996,-0.0017438427162611,0.6694545589465727,0.08857809444544071,-0.09099924853879007,0.0006284367171633003,0.17957734298423078,0.04480379125452075
2020-12-03,0.001917649969830745,0.0027694906279167666,0.001365418248261,0.6713722089164035,0.09134758507335747,-0.08963383029052907,0.0014040723796557666,0.18098141536388654,0.04466660297990872
2020-12-04,0.0018585523432176575,-0.005313780479081149,-0.0074170250244826,0.6732307612596211,0.08603380459427631,-0.09705085531501167,0.002103244545401451,0.183084659909288,0.044186467156630084
2020-12-07,-0.0016250753152763989,-0.0023138532475026822,-0.0022377005719433,0.6716056859443447,0.08371995134677364,-0.09928855588695497,-7.615267555938221e-05,0.1830085072337286,0.044592320703094254
2020-12-08,-0.0012613128357298969,-0.018827476277144154,-0.0140101175905886,0.6703443731086147,0.06489247506962949,-0.11329867347754356,-0.0048173586865555545,0.17819114854717305,0.04535972267982016
2020-12-09,-0.0002834568275133154,-0.0008919554457981718,-0.0005113409894583,0.6700609162811014,0.06400051962383131,-0.11381001446700187,-0.00038061445633987175,0.1778105340908332,0.04661729916271555
2020-12-10,-0.0018765025173005736,-0.017423426032585117,-0.0106886168428733,0.6681844137638009,0.04657709359124619,-0.12449863130987517,-0.006734809189711817,0.17107572490112136,0.04730397225051408
2020-12-11,-0.0011502448941474932,0.005967440864579938,0.0069466587030214,0.6670341688696534,0.05254453445582613,-0.11755197260685377,-0.0009792178384414622,0.1700965070626799,0.047875617682003664
2020-12-14,0.0005148287761594588,-0.0006595048357106842,0.0004814463842826,0.6675489976458129,0.051885029620115444,-0.11707052622257116,-0.0011409512199932843,0.16895555584268662,0.04881211130801964
2020-12-15,-0.0011970397931143084,-0.011373603892985995,-0.0018068635284889,0.6663519578526985,0.04051142572712945,-0.11887738975106006,-0.009566740364497096,0.1593888154781895,0.048442505288817855
2020-12-16,-0.005074618104049157,0.00792794360666802,0.0101035707937773,0.6612773397486493,0.04843936933379747,-0.10877381895728276,-0.0021756271871092806,0.15721318829108022,0.04897829526947019
2020-12-17,-0.006702568134607932,-0.006240604553544826,-0.0033828802993418,0.6545747716140414,0.04219876478025265,-0.11215669925662457,-0.0028577242542030257,0.15435546403687722,0.05023632189023863
2020-12-18,-0.0050155284064284855,0.007727438522821979,0.0108541993580474,0.6495592432076129,0.04992620330307462,-0.10130249989857718,-0.00312676083522542,0.1512287032016518,0.04886699262088435
2020-12-21,-0.0007548619707132536,-0.021828348822889258,-0.019547165645279,0.6488043812368997,0.028097854480185366,-0.12084966554385618,-0.002281183177610259,0.14894752002404155,0.04819431280469195
2020-12-22,-0.00860458348663018,0.0018415099560893232,0.0070652215410194,0.6401997977502695,0.02993936443627469,-0.11378444400283677,-0.005223711584930077,0.14372380843911145,0.04742084223235462
2020-12-23,-0.0036879509894378916,-0.01994981129069531,-0.0074182843526976,0.6365118467608316,0.00998955314557938,-0.12120272835553438,-0.012531526937997708,0.13119228150111376,0.04640965276214864
2020-12-24,-0.0025302521235220404,0.008803179699842031,0.0085167205020333,0.6339815946373095,0.018792732845421413,-0.11268600785350108,0.0002864591978087305,0.13147874069892249,0.04676047953613066
2020-12-25,-0.012549824620833452,-0.014078394993924577,-0.0007712924280191,0.6214317700164761,0.004714337851496836,-0.11345730028152018,-0.013307102565905476,0.11817163813301701,0.04608454057580229
2020-12-28,0.013329884236960216,0.000955484586627679,-0.0058847881223426,0.6347616542534363,0.005669822438124515,-0.11934208840386278,0.006840272708970279,0.1250119108419873,0.048645083691514546
2020-12-29,-0.0062522113552427,0.0025505628357379946,0.0104136504834467,0.6285094428981937,0.00822038527386251,-0.10892843792041608,-0.007863087647708704,0.11714882319427859,0.04679029487636426
2020-12-30,0.0027474193750190974,0.014779599513325907,0.0166897130675896,0.6312568622732128,0.022999984787188416,-0.09223872485282648,-0.001910113554263692,0.1152387096400149,0.0471329883832563
2020-12-31,0.0,0.0,0.0,0.6312568622732128,0.022999984787188416,-0.09223872485282648,0.0,0.1152387096400149,0.04777296806875343
