time,pnl,long_pnl,benchmark_ret,cum_pnl,cum_long_pnl,cum_benchmark_ret,excess_ret,cum_excess_ret,turnover
2018-04-02,0.0,0.0,0.0,0.0,0.0,0.0,0.0,0.0,0.0
2018-04-03,8.790248264070052e-06,-0.0004002241770251102,-0.0042008180568649,8.790248264070052e-06,-0.0004002241770251102,-0.0042008180568649,0.00380059387983979,0.00380059387983979,0.1
2018-04-04,-5.37544237304171e-05,0.0003513267417714477,0.0006072309700014,-4.496417546634705e-05,-4.889743525366249e-05,-0.0035935870868635004,-0.0002559042282299523,0.003544689651609838,0.09999999999999999
2018-04-09,5.3725331882141904e-05,0.0008278451178055141,0.0145527930938078,8.761156415794853e-06,0.0007789476825518515,0.010959206006944298,-0.013724947976002285,-0.010180258324392446,0.09999999999999999
2018-04-10,-0.0004024759161036238,0.002702511537023174,0.0054934588640355,-0.00039371475968782895,0.003481459219575026,0.016452664870979797,-0.002790947327012326,-0.012971205651404772,0.1
2018-04-11,0.0011265130181968776,-0.0021096009597962348,-0.0093124400740539,0.0007327982585090486,0.001371858259778791,0.007140224796925897,0.007202839114257665,-0.005768366537147107,0.1
2018-04-12,0.0001155813451552771,-0.002235446875681358,-0.005864132284837,0.0008483796036643257,-0.000863588615902567,0.0012760925120888977,0.0036286854091556416,-0.0021396811279914647,0.1
2018-04-13,0.002399888060291857,-0.0033610051422763684,-0.0141142081113379,0.003248267663956183,-0.004224593758178935,-0.012838115599249002,0.010753202969061532,0.008613521841070067,0.09999999999999999
2018-04-16,-0.001888147281330226,-0.020307182002279878,-0.0176382047707431,0.001360120382625957,-0.024531775760458813,-0.0304763203699921,-0.002668977231536779,0.005944544609533288,0.1
2018-04-17,-0.0009177319624973536,0.00932121974137884,0.0088789822273485,0.0004423884201286034,-0.015210556019079972,-0.0215973381426436,0.0004422375140303407,0.006386782123563627,0.1
2018-04-18,0.0017951758600805597,0.004399403387812659,0.0078253613687203,0.002237564280209163,-0.010811152631267314,-0.013771976773923299,-0.003425957980907641,0.002960824142655985,0.09999999999999999
2018-04-19,0.0028619729684792464,-0.0213770582259851,-0.0164446833080689,0.00509953724868841,-0.03218821085725242,-0.030216660081992197,-0.004932374917916201,-0.0019715507752602196,0.03016469283777164
2018-04-20,-0.006263106473610276,-0.011697245442316933,-0.003508394327043,-0.0011635692249218664,-0.04388545629956935,-0.0337250544090352,-0.008188851115273933,-0.010160401890534153,0.02846966944507301
2018-04-23,0.001244458490843291,0.024299574950663292,0.0209514245938346,8.088926592142464e-05,-0.01958588134890606,-0.0127736298152006,0.0033481503568286927,-0.00681225153370546,0.02831548030302323
2018-04-24,0.0012938528704995369,0.005702207484310862,-0.0023404571905488,0.0013747421364209615,-0.013883673864595197,-0.0151140870057494,0.008042664674859663,0.0012304131411542026,0.027552372915597704
2018-04-25,0.0038374308071038427,-0.01898353674532189,-0.0173651351134912,0.0052121729435248045,-0.03286721060991708,-0.0324792221192406,-0.0016184016318306904,-0.0003879884906764844,0.027068569459760633
2018-04-26,0.005292495833687117,0.004215936922669584,0.0029250596030998,0.010504668777211922,-0.0286512736872475,-0.0295541625161408,0.001290877319569784,0.0009028888288932987,0.024935955613062343
2018-04-27,0.003016195297912123,-0.0021247571042680197,-0.0003819155565568,0.013520864075124045,-0.03077603079151552,-0.0299360780726976,-0.0017428415477112197,-0.0008399527188179198,0.024148377510290673
2018-05-02,-0.0006966660305086955,0.00927439996549851,0.0070676946180105,0.01282419804461535,-0.02150163082601701,-0.0228683834546871,0.0022067053474880104,0.0013667526286700905,0.024150024474805347
2018-05-03,8.15092297904763e-05,-0.00026765289346566685,-0.0037678762987334,0.012905707274405827,-0.021769283719482675,-0.0266362597534205,0.003500223405267733,0.004866976033937823,0.024484164278930402
2018-05-04,0.0018940408098261298,0.02064584968642513,0.0159374865775335,0.014799748084231956,-0.0011234340330575458,-0.010698773175886998,0.0047083631088916285,0.009575339142829452,0.02433099577033142
2018-05-07,-0.004088335657407291,0.005278974699428642,0.0082551345310358,0.010711412426824666,0.004155540666371096,-0.002443638644851198,-0.002976159831607157,0.006599179311222295,0.022879571470579514
2018-05-08,-0.0013159999844676378,7.105629804206861e-05,-0.0009964141960298,0.009395412442357028,0.004226596964413165,-0.0034400528408809984,0.0010674704940718685,0.007666649805294163,0.023238170407083033
2018-05-09,7.149444870918482e-05,0.006022221427516298,0.0049185175405204,0.009466906891066213,0.010248818391929463,0.0014784646996394016,0.0011037038869958979,0.00877035369229006,0.02425561301622475
2018-05-10,0.00201681825921656,-0.010990877942325804,-0.0057064282485662,0.011483725150282773,-0.0007420595503963411,-0.0042279635489267985,-0.005284449693759604,0.0034859039985304574,0.025071883521158442
2018-05-11,0.007821941685332357,-0.0010130278999475292,0.0012447241836344,0.019305666835615132,-0.0017550874503438703,-0.0029832393652923983,-0.002257752083581929,0.001228151914948528,0.02359711965668117
2018-05-14,-0.0014581881959677984,0.009909135844728438,0.0060592332857271,0.017847478639647335,0.008154048394384567,0.0030759939204347015,0.003849902559001338,0.005078054473949866,0.023274290869715414
2018-05-15,0.0029633603954730176,-0.000863417801975343,-0.007523021347275,0.020810839035120352,0.007290630592409224,-0.0044470274268402984,0.006659603545299657,0.011737658019249524,0.023895832935070974
2018-05-16,-0.004963966949024534,-0.007861806483455563,-0.0056989657046233,0.01584687208609582,-0.0005711758910463384,-0.0101459931314636,-0.0021628407788322626,0.009574817240417262,0.024878998939773165
2018-05-17,-0.0009524356848393215,0.0038277872184591054,0.0097826076381051,0.014894436401256497,0.003256611327412767,-0.00036338549335849894,-0.005954820419645995,0.003619996820771266,0.023921275052975702
2018-05-18,-0.00288271724235675,0.010091335846308551,0.0064221967688641,0.012011719158899748,0.013347947173721317,0.006058811275505601,0.003669139077444451,0.007289135898215717,0.022733247816132413
2018-05-21,0.0009614399627379246,0.005596267918841223,-0.0008328302098194,0.012973159121637672,0.01894421509256254,0.005225981065686201,0.006429098128660623,0.01371823402687634,0.02129757997277312
2018-05-22,-0.00013666177468202987,-0.010848327510900157,-0.0143704976809314,0.012836497346955642,0.008095887581662384,-0.009144516615245199,0.0035221701700312424,0.01724040419690758,0.02084568087642876
2018-05-23,0.0001336207261060379,-0.00231670621900152,-0.0058317319895846,0.01297011807306168,0.0057791813626608644,-0.014976248604829798,0.0035150257705830797,0.020755429967490663,0.019589490569882597
2018-05-24,0.005410467774209963,-0.006694821074391834,-0.0057395528443244,0.018380585847271643,-0.0009156397117309695,-0.0207158014491542,-0.0009552682300674343,0.01980016173742323,0.018338300018764297
2018-05-25,0.008080950384230502,-0.0015677246725878176,-0.0020755815497218,0.026461536231502145,-0.002483364384318787,-0.022791382998875998,0.0005078568771339825,0.02030801861455721,0.018450559910498873
2018-05-28,-0.0038141873562343455,-0.01361048998883748,-0.0083117622297824,0.0226473488752678,-0.016093854373156267,-0.031103145228658396,-0.0052987277590550805,0.015009290855502129,0.019058515209515663
2018-05-29,0.010812413820834981,-0.030195632199905682,-0.0276398840751627,0.033459762696102784,-0.04628948657306195,-0.058743029303821095,-0.0025557481247429834,0.012453542730759146,0.018796899250870663
2018-05-30,0.001543852659742311,0.018492190527937328,0.017146280400359,0.03500361535584509,-0.027797296045124622,-0.0415967489034621,0.0013459101275783286,0.013799452858337478,0.01918423704311826
2018-05-31,-0.005588203887807929,-0.01538311576757323,-0.0090865086951841,0.029415411468037164,-0.043180411812697855,-0.0506832575986462,-0.00629660707238913,0.007502845785948342,0.019999173562045332
2018-06-01,0.0002962309263326582,-0.0013847673762645192,0.0040829120082346,0.02971164239436982,-0.04456517918896238,-0.046600345590411596,-0.005467679384499119,0.002035166401449219,0.020021372347249548
2018-06-04,0.003708112526404487,0.01786600978039207,0.0108976813042633,0.03341975492077431,-0.026699169408570308,-0.035702664286148295,0.006968328476128769,0.009003494877577987,0.020129544622246198
2018-06-05,0.002507689502473731,0.004115152921674336,-0.0014117419297887,0.03592744442324804,-0.022584016486895973,-0.03711440621593699,0.0055268948514630364,0.01453038972904102,0.02138471032180903
2018-06-06,-0.0020696358744739826,-0.010155710771129733,-0.0030742407305585,0.03385780854877406,-0.03273972725802571,-0.040188646946495495,-0.007081470040571233,0.007448919688469786,0.020778008814180904
2018-06-07,0.003611585636989138,-0.01049840364395281,-0.0132165682494332,0.03746939418576319,-0.04323813090197852,-0.053405215195928696,0.00271816460548039,0.010167084293950177,0.02098672858483203
2018-06-08,-0.007951705972104716,-0.01164488455730749,-0.004823459551987,0.029517688213658477,-0.054883015459286005,-0.058228674747915696,-0.00682142500532049,0.0033456592886296904,0.022170396699700813
2018-06-11,0.004982703840651493,0.011698196410401745,0.0094067557932051,0.03450039205430997,-0.04318481904888426,-0.048821918954710594,0.002291440617196645,0.005637099905826337,0.021287618467793586
2018-06-12,0.000210742709981281,-0.018452509313792786,-0.0126882143012329,0.03471113476429125,-0.061637328362677046,-0.0615101332559435,-0.005764295012559886,-0.00012719510673354917,0.020977229719620707
2018-06-13,-0.0010347992167184517,-0.0056257410088550895,-0.0030637149883331,0.0336763355475728,-0.06726306937153213,-0.0645738482442766,-0.0025620260205219893,-0.002689221127255531,0.0208631130827384
2018-06-14,0.0017582827377697731,-0.02178956690646219,-0.0097845011086874,0.03543461828534258,-0.08905263627799433,-0.07435834935296401,-0.01200506579777479,-0.014694286925030317,0.020746525560387044
2018-06-15,0.009997310159369721,-0.06571647178188887,-0.047269493248359,0.0454319284447123,-0.1547691080598832,-0.121627842601323,-0.01844697853352987,-0.03314126545856019,0.021258482058867195
2018-06-19,0.000716088695900443,0.010750577527553547,0.0047273978243444,0.04614801714061274,-0.14401853053232966,-0.1169004447769786,0.006023179703209146,-0.02711808575535106,0.020918759887595686
2018-06-20,0.006176225196833389,-0.022614037423145453,-0.0166324420257565,0.052324242337446134,-0.1666325679554751,-0.1335328868027351,-0.005981595397388954,-0.03309968115274001,0.02134055638125203
2018-06-21,-0.0004907889695636073,0.014090497749202216,0.0072346094342784,0.051833453367882525,-0.1525420702062729,-0.1262982773684567,0.006855888314923816,-0.026243792837816193,0.02123356806769449
2018-06-22,0.001153822773593029,-0.0032865912037792124,-0.0107874856492637,0.05298727614147555,-0.1558286614100521,-0.1370857630177204,0.007500894445484487,-0.018742898392331703,0.021802001990313548
2018-06-25,-0.006175066685797676,0.004593004322316556,-0.003486533048107,0.04681220945567788,-0.15123565708773556,-0.1405722960658274,0.008079537370423556,-0.010663361021908152,0.020870421659119887
2018-06-26,-0.006004915498473607,-0.012289675428860232,-0.0137366174005636,0.04080729395720427,-0.1635253325165958,-0.154308913466391,0.0014469419717033673,-0.009216419050204788,0.020331150606873776
2018-06-27,-0.0006669900374713058,-0.011822245736007831,-0.0106172006993063,0.040140303919732966,-0.1753475782526036,-0.1649261141656973,-0.0012050450367015308,-0.010421464086906307,0.020273992666142535
2018-06-28,0.001311700125072645,0.03195164090086942,0.0258175951063966,0.04145200404480561,-0.1433959373517342,-0.13910851905930072,0.0061340457944728186,-0.004287418292433481,0.020658563583618037
2018-06-29,-0.001180237846472482,-0.015288056539717779,-0.0250449707938517,0.04027176619833313,-0.158683993891452,-0.16415348985315242,0.00975691425413392,0.005469495961700432,0.020263208610072858
2018-07-02,-0.007830551474319969,0.008064342536852415,0.0050509721706241,0.03244121472401316,-0.15061965135459957,-0.1591025176825283,0.0030133703662283155,0.008482866327928745,0.020260465343091876
2018-07-03,0.004908472529357744,-0.016408212827685592,-0.0126373816525786,0.0373496872533709,-0.16702786418228516,-0.17173989933510692,-0.003770831175106992,0.0047120351528217586,0.020634992126311154
2018-07-04,-0.0018078191927619809,-0.0281609583257071,-0.0141230047693853,0.03554186806060892,-0.19518882250799224,-0.18586290410449222,-0.0140379535563218,-0.009325918403500028,0.02072369692338898
2018-07-05,-0.0014772431684027007,0.002681334030991667,0.0043769599469001,0.03406462489220622,-0.19250748847700058,-0.18148594415759212,-0.0016956259159084325,-0.011021544319408466,0.020542586513067534
2018-07-06,0.005022031005327078,0.025865480396663972,0.0275364805791961,0.039086655897533296,-0.1666420080803366,-0.153949463578396,-0.0016710001825321272,-0.0126925445019406,0.020585254185342197
2018-07-09,-0.00041171993603064346,0.00778399781006594,0.0047801559177776,0.03867493596150265,-0.15885801027027066,-0.1491693076606184,0.0030038418922883397,-0.009688702609652267,0.020936712998878625
2018-07-10,0.0037151577998298262,-0.021550177755110526,-0.0192443434376853,0.04239009376133247,-0.1804081880253812,-0.1684136510983037,-0.002305834317425228,-0.011994536927077498,0.019985137807808685
2018-07-11,0.0005827141165607496,0.02643133265903544,0.0243175116665149,0.042972807877893225,-0.15397685536634576,-0.14409613943178878,0.0021138209925205403,-0.009880715934556972,0.02012881518093982
2018-07-12,0.0033784900843497464,0.007051151179889844,0.0025855119268476,0.04635129796224297,-0.14692570418645592,-0.14151062750494117,0.004465639253042244,-0.005415076681514752,0.019972274778452266
2018-07-13,0.002206812663902324,-0.00020326112591733227,-0.0055640869728733,0.0485581106261453,-0.14712896531237327,-0.14707471447781448,0.0053608258469559685,-5.4250834558788874e-05,0.020288783742998702
2018-07-16,-0.0025962478078711757,-0.0007701236605427999,-0.0046158967855024,0.04596186281827412,-0.14789908897291607,-0.15169061126331687,0.0038457731249595998,0.003791522290400806,0.02195252295541322
2018-07-17,0.0007512278410375795,-0.004559195508856171,-0.0046815121824121,0.0467130906593117,-0.15245828448177223,-0.15637212344572898,0.00012231667355592883,0.003913838963956751,0.022380160720283673
2018-07-18,0.0022395026530714797,-0.010540645959316893,-0.0061786075943475,0.04895259331238318,-0.16299893044108912,-0.16255073104007647,-0.004362038364969393,-0.00044819940101265,0.02282257583316102
2018-07-19,-0.002043650707474029,0.010543233268652929,0.0195238217123159,0.046908942604909146,-0.1524556971724362,-0.14302690932776058,-0.008980588443662972,-0.009428787844675629,0.02323608164646343
2018-07-20,-0.003783396127435056,0.004387787880195496,0.0097762877272114,0.04312554647747409,-0.1480679092922407,-0.13325062160054918,-0.005388499847015904,-0.014817287691691522,0.02468727780311988
2018-07-23,-0.0029996329803792035,0.01504236113241004,0.014999904270854,0.040125913497094885,-0.13302554815983067,-0.11825071732969518,4.2456861556039796e-05,-0.01477483083013549,0.024958266882307983
2018-07-24,-0.0035689347872569447,-0.00031544554538790663,-0.0002460364219283,0.03655697870983794,-0.13334099370521857,-0.11849675375162348,-6.940912345960662e-05,-0.014844239953595087,0.024038474912494515
2018-07-25,-0.013346045910032118,-0.00998946551746935,-0.0082155072627219,0.023210932799805822,-0.14333045922268792,-0.12671226101434538,-0.0017739582547474497,-0.01661819820834254,0.02419186961945836
2018-07-26,0.0008704619295386474,-0.0054764631914719615,-0.0044173482770574,0.02408139472934447,-0.14880692241415988,-0.13112960929140277,-0.0010591149144145613,-0.01767731312275711,0.023775825370635648
2018-07-27,0.0028794231483175213,-0.0147134016707762,-0.0052642453584715,0.02696081787766199,-0.16352032408493608,-0.13639385464987427,-0.0094491563123047,-0.027126469435061806,0.023209761406281688
2018-07-30,-0.0037560291414222517,-0.0016616227586962913,0.002072620487642,0.02320478873623974,-0.16518194684363238,-0.13432123416223227,-0.0037342432463382913,-0.030860712681400115,0.021166407269878024
2018-07-31,-0.0014323720379522712,-0.01740029060084153,-0.0191464010194507,0.02177241669828747,-0.1825822374444739,-0.15346763518168297,0.0017461104186091668,-0.029114602262790945,0.02071218608817075
2018-08-01,-0.0016535276108549399,-0.02654562157987778,-0.0225189443294556,0.020118889087432527,-0.2091278590243517,-0.17598657951113855,-0.004026677250422179,-0.033141279513213134,0.021204133862523518
2018-08-02,-0.004444718837589184,-0.016009179168349826,-0.0116559179276908,0.01567417024984334,-0.2251370381927015,-0.18764249743882935,-0.004353261240659026,-0.03749454075387215,0.02207196762882518
2018-08-03,-0.008226981227083088,-0.026587437379689275,-0.0150924300381416,0.007447189022760254,-0.2517244755723908,-0.20273492747697094,-0.011495007341547675,-0.04898954809541986,0.022047798068376052
2018-08-06,0.001893307343834057,0.027246569481807297,0.027485125489262,0.00934049636659431,-0.22447790609058352,-0.17524980198770895,-0.0002385560074547044,-0.049228104102874565,0.0217936991367865
2018-08-07,-0.0036942629628022505,-0.019575355924653495,-0.0149594132541787,0.00564623340379206,-0.24405326201523703,-0.19020921524188766,-0.004615942670474795,-0.05384404677334936,0.02181175260985579
2018-08-08,0.0029600091411191437,0.025338177132076478,0.020964711400721,0.008606242544911203,-0.21871508488316055,-0.16924450384116665,0.00437346573135548,-0.049470581041993894,0.022389955954873315
2018-08-09,0.0014871062205917005,0.00695135038720515,0.0013299140260933,0.010093348765502903,-0.2117637344959554,-0.16791458981507335,0.00562143636111185,-0.04384914468088205,0.023386120084664848
2018-08-10,0.0018863198226261623,0.003625860044615087,-0.0026096722438327,0.011979668588129065,-0.2081378744513403,-0.17052426205890606,0.006235532288447787,-0.03761361239243424,0.02234572784908749
2018-08-13,-0.0014321282864337625,-0.0030636225770822394,-0.0025985502808299,0.010547540301695302,-0.21120149702842253,-0.17312281233973595,-0.00046507229625233947,-0.03807868468868658,0.021057940796057134
2018-08-14,-0.0031453939954845128,-0.02243708073882194,-0.0217258144287563,0.0074021463062107894,-0.23363857776724448,-0.19484862676849224,-0.0007112663100656384,-0.03878995099875224,0.020559252453556078
2018-08-15,-0.0011650609719732843,-0.010789949047595653,-0.0077698113767463,0.006237085334237506,-0.24442852681484012,-0.20261843814523853,-0.0030201376708493535,-0.04181008866960159,0.02048063929253156
2018-08-16,-0.0014220106010242063,-0.01960849511903942,-0.0145641666673725,0.004815074733213299,-0.26403702193387957,-0.21718260481261104,-0.005044328451666922,-0.04685441712126853,0.020910597578927517
2018-08-17,-0.002543422894758267,0.0029696360658467424,0.0101384972602765,0.002271651838455032,-0.2610673858680328,-0.20704410755233454,-0.007168861194429757,-0.05402327831569825,0.02071353698251587
2018-08-20,0.0049470884895656255,0.01539669627969856,0.0134385649461657,0.007218740328020657,-0.24567068958833424,-0.19360554260616886,0.001958131333532861,-0.05206514698216538,0.02146697800558228
2018-08-21,-3.882072543667492e-05,-0.011423624991773065,-0.0083166601038789,0.007179919602583982,-0.2570943145801073,-0.20192220271004777,-0.0031069648878941647,-0.05517211187005952,0.02175528745855617
2018-08-22,-0.0019416499239621155,0.005120926031023252,0.0039447573119619,0.005238269678621866,-0.251973388549084,-0.19797744539808587,0.0011761687190613521,-0.05399594315099815,0.022345080165527016
2018-08-23,0.0026220738085323872,-0.0010055783321551673,0.0012885846462994,0.007860343487154253,-0.25297896688123916,-0.19668886075178646,-0.002294162978454567,-0.056290106129452705,0.022420676600966343
2018-08-24,0.004123727266995802,0.023372832479167945,0.0208845063185246,0.011984070754150054,-0.22960613440207123,-0.17580435443326187,0.002488326160643345,-0.05380177996880936,0.022752972870431223
2018-08-27,0.0006281073757345193,0.0016515829872070591,-0.0005258863921574,0.012612178129884574,-0.22795455141486418,-0.17633024082541926,0.002177469379364459,-0.051624310589444916,0.023823712443643064
2018-08-28,0.0003330183045620394,-0.005673477052445994,-0.0041876996162977,0.012945196434446613,-0.23362802846731018,-0.18051794044171696,-0.0014857774361482943,-0.05311008802559322,0.023263679461237533
2018-08-29,0.0021610029493182503,-0.013976104855058943,-0.0124475913143909,0.015106199383764864,-0.24760413332236914,-0.19296553175610787,-0.0015285135406680438,-0.05463860156626127,0.0230905074975843
2018-08-30,-0.0014996526905037399,-0.01201021421832484,-0.0061733569970488,0.013606546693261124,-0.25961434754069396,-0.19913888875315666,-0.005836857221276041,-0.060475458787537295,0.023595237387422547
2018-08-31,-0.0007398661514860188,-0.000977030184598719,-0.0014558534787456,0.012866680541775106,-0.26059137772529267,-0.20059474223190227,0.0004788232941468811,-0.059996635493390404,0.023771639939827775
2018-09-03,-0.0016520444288561232,0.010821009011065648,0.0111305523235148,0.011214636112918983,-0.24977036871422703,-0.18946418990838748,-0.0003095433124491523,-0.06030617880583955,0.02374268004439485
2018-09-04,-0.005127504414750135,-0.017529085636937048,-0.0179032263431785,0.006087131698168848,-0.2672994543511641,-0.207367416251566,0.0003741407062414527,-0.0599320380995981,0.02996687470995965
2018-09-05,-0.0029140639981750037,-0.0068594633270256155,-0.0064712835623056,0.0031730676999938445,-0.27415891767818973,-0.2138386998138716,-0.0003881797647200154,-0.060320217864318126,0.029539696858246856
2018-09-06,0.0001402097114317489,0.0029791944384899003,0.0030953313439373,0.0033132774114255936,-0.27117972323969985,-0.2107433684699343,-0.00011613690544739954,-0.060436354769765555,0.02802140712564431
2018-09-07,-5.1676046516413535e-05,-0.019971118263324962,-0.0151045523895311,0.00326160136490918,-0.29115084150302484,-0.2258479208594654,-0.004866565873793862,-0.06530292064355944,0.02780063672419076
2018-09-10,-0.002157102260866413,0.0008259382602124387,-0.0011152447085998,0.0011044991040427671,-0.2903249032428124,-0.2269631655680652,0.0019411829688122388,-0.0633617376747472,0.027492176598450813
2018-09-11,-0.002877497376893931,-0.0024069257797647587,-0.0039326569593489,-0.001772998272851164,-0.29273182902257716,-0.2308958225274141,0.0015257311795841416,-0.06183600649516305,0.02780257364273769
2018-09-12,-0.0008325955874200458,0.007112831267055032,0.0109540507204117,-0.00260559386027121,-0.28561899775552213,-0.21994177180700242,-0.003841219453356669,-0.06567722594851971,0.02691664689022474
2018-09-13,0.0022502056999512557,-0.008189561255811847,-0.0032907710331277,-0.00035538816031995425,-0.29380855901133396,-0.2232325428401301,-0.004898790222684147,-0.07057601617120385,0.027166049803751362
2018-09-14,-0.00010647332365445608,-0.016773938646892948,-0.0122082067303949,-0.00046186148397441034,-0.31058249765822693,-0.23544074957052502,-0.0045657319164980475,-0.07514174808770191,0.027817216579904384
2018-09-17,0.001075921231368125,0.017961887097246297,0.0175268507093053,0.0006140597473937148,-0.29262061056098065,-0.21791389886121973,0.0004350363879409985,-0.07470671169976092,0.027367181722099718
2018-09-18,0.0036625308023790003,0.014116444000337082,0.0127365470076944,0.0042765905497727155,-0.2785041665606436,-0.20517735185352534,0.0013798969926426818,-0.07332681470711824,0.021701199237717805
2018-09-19,-0.0016081518357528276,-0.003855109584679382,-0.0006374068975386,0.002668438714019888,-0.28235927614532297,-0.20581475875106395,-0.003217702687140782,-0.07654451739425902,0.02127361346155793
2018-09-20,0.006017354139752262,0.01755896013428972,0.0245589605831236,0.00868579285377215,-0.26480031601103327,-0.18125579816794035,-0.007000000448833879,-0.08354451784309291,0.020332986936790542
2018-09-21,-0.00035996651089006975,-0.0036017409833259276,-0.0064260303582367,0.00832582634288208,-0.2684020569943592,-0.18768182852617704,0.0028242893749107724,-0.08072022846818216,0.01977732598062924
2018-09-25,0.003912930618155508,0.00729417176064581,0.0084527516720078,0.012238756961037588,-0.2611078852337134,-0.17922907685416925,-0.00115857991136199,-0.08187880837954417,0.02006270469211277
2018-09-26,0.004282878839381504,-0.01399496727977878,-0.007797799795558,0.016521635800419092,-0.2751028525134922,-0.18702687664972725,-0.006197167484220781,-0.08807597586376495,0.019876300279887973
2018-09-27,0.0023422485393367605,0.010719189409610235,0.0103789909259298,0.018863884339755853,-0.26438366310388195,-0.17664788572379744,0.00034019848368043587,-0.0877357773800845,0.020295250716083964
2018-09-28,-0.0033397171152598918,-0.038394959618566274,-0.0402635020149368,0.015524167224495962,-0.3027786227224482,-0.21691138773873425,0.0018685423963705275,-0.08586723498371396,0.019659638961926244
2018-10-08,-0.005073359006757111,-0.0018165179438800127,0.0005813572711932,0.01045080821773885,-0.3045951406663282,-0.21633003046754104,-0.0023978752150732125,-0.08826511019878716,0.02013673810056314
2018-10-09,-0.0028221930754965927,0.0008470881211492925,0.0007202761829417,0.007628615142242258,-0.3037480525451789,-0.21560975428459933,0.00012681193820759246,-0.08813829826057956,0.020219858925903497
2018-10-10,0.008372371499120486,-0.07299026934551424,-0.0580020133998208,0.016000986641362742,-0.3767383218906931,-0.27361176768442014,-0.01498825594569344,-0.10312655420627298,0.01977193624104683
2018-10-11,0.0047476189228261995,-0.0036328668030618395,0.0088727069998085,0.020748605564188942,-0.38037118869375497,-0.2647390606846116,-0.012505573802870339,-0.11563212800914335,0.019456699102003577
2018-10-12,-0.005762790975389334,-0.016662303910670015,-0.0150429852616485,0.014985814588799608,-0.397033492604425,-0.2797820459462601,-0.0016193186490215151,-0.11725144665816489,0.019663970933567643
2018-10-15,-0.008241403117574037,-0.02558690521239868,-0.0111352883697839,0.006744411471225571,-0.4226203978168237,-0.290917334316044,-0.014451616842614779,-0.1317030635007797,0.020232630752622965
2018-10-16,-0.004348470706229281,0.0054895961559279435,0.0062489628825497,0.0023959407649962903,-0.4171308016608958,-0.28466837143349427,-0.0007593667266217567,-0.1324624302274015,0.02053595745999298
2018-10-17,0.007298807857369523,-0.026394792441250238,-0.0291553152948319,0.009694748622365813,-0.44352559410214604,-0.31382368672832617,0.0027605228535816616,-0.12970190737381987,0.02106346815562407
2018-10-18,0.007779922643105872,0.026698333304151025,0.026621292850232,0.017474671265471683,-0.41682726079799504,-0.28720239387809415,7.704045391902434e-05,-0.12962486691990088,0.020973945469104926
2018-10-19,0.0007865199804341724,0.049707626328793754,0.042468315550808,0.018261191245905854,-0.36711963446920126,-0.24473407832728616,0.007239310777985751,-0.1223855561419151,0.02067344741676329
2018-10-22,-0.007019759242624241,-0.019886924064612045,-0.0233586483298512,0.011241432003281614,-0.3870065585338133,-0.26809272665713735,0.003471724265239156,-0.11891383187667598,0.020874062888182394
2018-10-23,-0.004087065190897552,-0.0022785044842928174,0.0024681262359944,0.007154366812384062,-0.38928506301810617,-0.26562460042114294,-0.004746630720287217,-0.12366046259696323,0.019951216435700105
2018-10-24,0.0006567646244146747,-0.006939250244740989,-0.0003548533999754,0.007811131436798737,-0.3962243132628472,-0.2659794538211183,-0.006584396844765589,-0.13024485944172887,0.019801118676849975
2018-10-25,-0.006989647463340663,-0.0011051718303370026,-0.0014012772940005,0.0008214839734580742,-0.39732948509318416,-0.26738073111511884,0.0002961054636634974,-0.12994875397806532,0.019953362220259736
2018-10-26,-0.004373305450484201,-0.018846134553856825,-0.0227910732575062,-0.003551821477026127,-0.416175619647041,-0.290171804372625,0.003944938703649373,-0.12600381527441595,0.019044542498847305
2018-10-29,-0.0010484322797094888,0.011397482595402403,0.009305877324722,-0.0046002537567356155,-0.40477813705163856,-0.28086592704790303,0.0020916052706804033,-0.12391221000373553,0.019611069367552122
2018-10-30,0.0026011761904590333,0.017829534911079976,0.0127389063892605,-0.001999077566276582,-0.3869486021405586,-0.2681270206586425,0.005090628521819476,-0.11882158148191607,0.019094901504099905
2018-10-31,0.002746063636854954,0.007738308692080641,0.0039059292273618,0.000746986070578372,-0.37921029344847795,-0.2642210914312807,0.0038323794647188414,-0.11498920201719726,0.01952677481415312
2018-11-01,0.006928163821861159,0.03344541238517809,0.0283474321165822,0.007675149892439531,-0.34576488106329983,-0.2358736593146985,0.0050979802685958905,-0.10989122174860133,0.020172812961360483
2018-11-02,-0.005599775784036399,0.002931942884979354,-0.00370310633975,0.0020753741084031324,-0.3428329381783205,-0.2395767656544485,0.006635049224729354,-0.10325617252387201,0.020156369711809376
2018-11-05,0.0030117786136929603,-0.0008261292398507568,-0.003134962071231,0.005087152722096092,-0.34365906741817126,-0.2427117277256795,0.0023088328313802435,-0.10094733969249176,0.020110957774308328
2018-11-06,-0.0030458731029030157,-0.003505313672117697,-0.0057320671571691,0.0020412796191930766,-0.34716438109028896,-0.2484437948828486,0.0022267534850514033,-0.09872058620744037,0.020286876095149377
2018-11-07,-0.008851844235057006,-0.0072012610542089685,-0.0027204304621853,-0.006810564615863929,-0.35436564214449795,-0.2511642253450339,-0.004480830592023669,-0.10320141679946404,0.02202549526142081
2018-11-08,-0.0010126702865820064,-0.002649922725957374,-0.0126927750171558,-0.007823234902445936,-0.3570155648704553,-0.26385700036218973,0.010042852291198424,-0.0931585645082656,0.022092705344034295
2018-11-09,-0.0066332328188998795,0.024127231369270984,0.0153501215589054,-0.014456467721345815,-0.33288833350118435,-0.24850687880328434,0.008777109810365584,-0.08438145469790001,0.022509698054711192
2018-11-12,-0.010226819584332926,0.0130236859220039,0.0109923632444849,-0.02468328730567874,-0.31986464757918043,-0.23751451555879943,0.0020313226775189996,-0.082350132020381,0.021128340336753156
2018-11-13,-0.0034447650917635766,-0.002898698680318052,-0.0077770638743492,-0.028128052397442316,-0.3227633462594985,-0.24529157943314864,0.004878365194031148,-0.07747176682634985,0.02220981872387789
2018-11-14,-0.0024160650351679816,0.01721947826647117,0.0136395285829369,-0.030544117432610297,-0.3055438679930273,-0.23165205085021173,0.0035799496835342715,-0.07389181714281556,0.021809691983820025
2018-11-15,-0.0032658565378149897,0.008465760794846353,0.0054036128930333,-0.03380997397042529,-0.29707810719818095,-0.22624843795717844,0.0030621479018130525,-0.07082966924100251,0.022132894461813005
2018-11-16,0.0004568030015763916,0.0036864636998066684,0.0079012084948854,-0.0333531709688489,-0.29339164349837427,-0.21834722946229304,-0.0042147447950787315,-0.07504441403608123,0.02291644602809856
2018-11-19,0.001179041655917123,-0.026612244434855083,-0.0231548809849948,-0.032174129312931773,-0.32000388793322937,-0.24150211044728784,-0.0034573634498602825,-0.07850177748594153,0.022718520070900017
2018-11-20,-0.005934305361704011,0.004695849521281581,0.0028192200049957,-0.03810843467463579,-0.31530803841194777,-0.23868289044229213,0.0018766295162858807,-0.07662514796965564,0.02315616442914117
2018-11-21,-0.0019291306462588772,0.00048495504964856734,-0.0018932905205505,-0.04003756532089466,-0.3148230833622992,-0.24057618096284264,0.0023782455701990674,-0.07424690239945655,0.021839022938968052
2018-11-22,0.012095090573004655,-0.036555442059163126,-0.0280824539507931,-0.02794247474789001,-0.3513785254214623,-0.26865863491363573,-0.008472988108370026,-0.08271989050782658,0.023007270440005324
2018-11-23,-0.001702923903677321,-0.004268603009611546,-0.001543420486384,-0.02964539865156733,-0.3556471284310739,-0.27020205540001974,-0.002725182523227546,-0.08544507303105414,0.02334729226504667
2018-11-26,-0.0035578193530533798,0.004672661988271965,0.0008345788268434,-0.03320321800462071,-0.3509744664428019,-0.26936747657317633,0.003838083161428565,-0.08160698986962556,0.023596184777137985
2018-11-27,0.002890784571832767,0.013061953568909015,0.0109955202231489,-0.030312433432787948,-0.3379125128738929,-0.2583719563500274,0.0020664333457601144,-0.07954055652386549,0.023319741824604476
2018-11-28,0.008238447217063353,-0.019127971539767363,-0.0155315057162431,-0.022073986215724595,-0.35704048441366026,-0.27390346206627053,-0.0035964658235242628,-0.08313702234738973,0.02277561907982441
2018-11-29,0.0026146210641894477,0.008607193699367608,0.0080501697816002,-0.01945936515153515,-0.34843329071429263,-0.2658532922846703,0.0005570239177674075,-0.08257999842962233,0.0221616122027649
2018-11-30,-0.0003616429817999432,0.03147853372082671,0.0269509327204435,-0.01982100813333509,-0.3169547569934659,-0.2389023595642268,0.0045276010003832065,-0.07805239742923911,0.022509420966863272
2018-12-03,-0.003967774622397339,0.005699904114649291,0.003812566275892,-0.02378878275573243,-0.31125485287881666,-0.23508979328833482,0.0018873378387572913,-0.07616505959048184,0.02192717699970871
2018-12-04,0.0041445664211459746,-0.004816756897396045,-0.0056868982421553,-0.019644216334586455,-0.3160716097762127,-0.2407766915304901,0.0008701413447592555,-0.07529491824572257,0.02149212566063861
2018-12-05,-0.0012287468676961202,-0.019464099980569624,-0.0188913875798141,-0.020872963202282574,-0.3355357097567823,-0.2596680791103042,-0.0005727124007555255,-0.07586763064647811,0.021556077479019272
2018-12-06,-0.0008744447049034006,-0.0011248081164875676,0.0001491452519181,-0.021747407907185975,-0.3366605178732699,-0.2595189338583861,-0.0012739533684056675,-0.0771415840148838,0.021123341141191205
2018-12-07,0.0046500279103830885,-0.010258157958630961,-0.0101285521464814,-0.017097379996802886,-0.34691867583190084,-0.2696474860048675,-0.0001296058121495608,-0.07727118982703335,0.020136668409226337
2018-12-10,-0.0017174476300134164,0.007964140664669188,0.0049654489685917,-0.018814827626816303,-0.3389545351672317,-0.2646820370362758,0.0029986916960774877,-0.07427249813095588,0.019696598159468247
2018-12-11,0.00030161560321160147,0.0008134967797934484,0.0027059892160177,-0.018513212023604703,-0.33814103838743825,-0.2619760478202581,-0.0018924924362242516,-0.07616499056718018,0.01923568672515045
2018-12-12,0.004442868483697077,0.011955408579402053,0.0117015542199434,-0.014070343539907625,-0.3261856298080362,-0.2502744936003147,0.00025385435945865335,-0.07591113620772155,0.020193248036835507
2018-12-13,0.004929875874606125,-0.022167834145467365,-0.0182765820040464,-0.0091404676653015,-0.3483534639535036,-0.2685510756043611,-0.003891252141420963,-0.0798023883491425,0.019420786208929505
2018-12-14,-0.006463711057306441,-0.004543355422867136,-0.0004058690959196,-0.015604178722607942,-0.35289681937637074,-0.2689569447002807,-0.004137486326947536,-0.08393987467609004,0.02081922381432308
2018-12-17,-0.000740961022230791,-0.006357223258867175,-0.008459700141384,-0.016345139744838734,-0.3592540426352379,-0.2774166448416647,0.002102476882516826,-0.08183739779357324,0.020350699662938582
2018-12-18,-0.0034800535440080104,-0.014471133955771131,-0.0114361352025488,-0.019825193288846743,-0.37372517659100907,-0.2888527800442135,-0.0030349987532223306,-0.08487239654679557,0.01971720106687287
2018-12-19,-0.0036588345519407116,0.0017767206257905674,-0.0040319698665915,-0.023484027840787455,-0.3719484559652185,-0.292884749910805,0.0058086904923820674,-0.07906370605441354,0.01972992059922166
2018-12-20,-8.124975739546806e-05,-0.007604567781762573,-0.0089866229206708,-0.023565277598182922,-0.3795530237469811,-0.3018713728314758,0.001382055138908227,-0.07768165091550527,0.018982756169194873
2018-12-21,0.005301707104799109,0.012104884583235408,0.0052826346676367,-0.018263570493383813,-0.3674481391637457,-0.2965887381638391,0.006822249915598708,-0.07085940099990656,0.018824830206204082
2018-12-24,0.004520342458585853,-0.007967585434296895,-0.0081914009794857,-0.01374322803479796,-0.37541572459804257,-0.3047801391433248,0.00022381554518880603,-0.07063558545471776,0.018982434126585537
2018-12-25,-0.0024879614620384534,-0.0034913859192723575,-0.0031853605745479,-0.016231189496836412,-0.3789071105173149,-0.3079654997178727,-0.00030602534472445745,-0.07094161079944222,0.018517694393489523
2018-12-26,0.00805272522869736,-0.010099077476681763,-0.0078737363569923,-0.008178464268139053,-0.38900618799399667,-0.31583923607486497,-0.0022253411196894637,-0.0731669519191317,0.018694333239387736
2018-12-27,-0.00019300891477249153,0.0005004071256227875,0.0039871385502771,-0.008371473182911544,-0.3885057808683739,-0.31185209752458787,-0.003486731424654313,-0.07665368334378603,0.018461203510012413
2018-12-28,-0.010113109670444244,-0.010416052945788425,-0.0117821535864534,-0.018484582853355788,-0.3989218338141623,-0.32363425111104127,0.0013661006406649745,-0.07528758270312103,0.018780332433416008
2019-01-02,-0.006019424715223748,-0.01021231694476169,-0.0028565278061003,-0.024504007568579535,-0.409134150758924,-0.32649077891714157,-0.007355789138661389,-0.08264337184178244,0.01864741806094152
2019-01-03,-0.004270161479095322,0.021364632240153954,0.0219374339050034,-0.02877416904767486,-0.38776951851877006,-0.30455334501213815,-0.0005728016648494476,-0.08321617350663191,0.018470093728189217
2019-01-04,-0.0035831065700682105,0.017137024380427836,0.0096227727770837,-0.03235727561774307,-0.3706324941383422,-0.2949305722350545,0.007514251603344136,-0.07570192190328773,0.018777340645979117
2019-01-07,-0.0039189836359742915,-0.0033651442850881545,-0.0021642500604554,-0.03627625925371736,-0.37399763842343037,-0.2970948222955099,-0.0012008942246327543,-0.07690281612792049,0.018173253100143394
2019-01-08,-0.0009991989732840054,0.0031179189126625114,0.0065767205552051,-0.037275458227001367,-0.37087971951076787,-0.2905181017403048,-0.0034588016425425886,-0.08036161777046308,0.019003375621881317
2019-01-09,-0.0016477594082392598,-0.0032041560989515125,-0.0039217852003664,-0.03892321763524063,-0.3740838756097194,-0.2944398869406712,0.0007176291014148878,-0.0796439886690482,0.018665827833425047
2019-01-10,-0.0028997727960836475,0.0058203494280142576,0.006835418054229,-0.04182299043132427,-0.36826352618170516,-0.2876044688864422,-0.0010150686262147424,-0.08065905729526296,0.018546308443864533
2019-01-11,-0.0027899546023772495,-0.007773103881555934,-0.0073505336146019,-0.04461294503370152,-0.3760366300632611,-0.2949550025010441,-0.0004225702669540341,-0.08108162756221698,0.018309487869968045
2019-01-14,0.005156150579573824,0.014481923754482541,0.0138541509027997,-0.0394567944541277,-0.36155470630877856,-0.28110085159824444,0.000627772851682841,-0.08045385471053412,0.018437510918197186
2019-01-15,0.003132357980058178,0.0005779803547014162,-0.0002564405276381,-0.03632443647406952,-0.36097672595407715,-0.28135729212588256,0.0008344208823395162,-0.07961943382819459,0.01796600525710655
2019-01-16,-0.0007071119056839822,-0.009201526981117033,-0.0056183320106499,-0.037031548379753504,-0.3701782529351942,-0.28697562413653244,-0.0035831949704671325,-0.08320262879866175,0.01815222260793697
2019-01-17,0.007040508919479463,0.011288523871868792,0.013238311322704,-0.02999103946027404,-0.3588897290633254,-0.27373731281382846,-0.0019497874508352074,-0.08515241624949693,0.017273952070775835
2019-01-18,0.0029462312538725095,0.007924447663826401,0.0058912100137822,-0.02704480820640153,-0.350965281399499,-0.2678461028000463,0.002033237650044201,-0.08311917859945273,0.017741761788813357
2019-01-21,-0.00046873789962562334,-0.010687515838362529,-0.0121968115288609,-0.027513546106027156,-0.36165279723786153,-0.28004291432890716,0.001509295690498371,-0.08160988290895438,0.017278635969715316
2019-01-22,0.0022124668272519485,0.002239851376074161,0.0008981509623474,-0.02530107927877521,-0.35941294586178735,-0.27914476336655974,0.001341700413726761,-0.0802681824952276,0.016353346769341387
2019-01-23,0.000744215401197526,0.004849075423038383,0.0043607279317799,-0.024556863877577682,-0.354563870438749,-0.27478403543477986,0.0004883474912584836,-0.07977983500396912,0.015955967466621444
2019-01-24,0.010171445954746568,-0.0011020987580226515,0.0029098062420202,-0.014385417922831115,-0.3556659691967716,-0.27187422919275966,-0.004011905000042852,-0.08379174000401196,0.015889546674118182
2019-01-25,0.007102609010762902,-0.0037792630126619606,-0.0024621611733707,-0.007282808912068213,-0.3594452322094336,-0.2743363903661304,-0.0013171018392912604,-0.0851088418433032,0.01589083974574664
2019-01-28,0.011797613647896612,-0.011837433109849504,-0.0040050374112362,0.004514804735828399,-0.3712826653192831,-0.2783414277773666,-0.007832395698613305,-0.09294123754191652,0.016296464481239427
2019-01-29,0.005609988086718336,-0.011922413707426338,-0.0088748105896917,0.010124792822546736,-0.38320507902670947,-0.2872162383670583,-0.0030476031177346374,-0.09598884065965119,0.015717379285101207
2019-01-30,0.015493284579731545,-0.00792929460231226,0.0017627153310517,0.025618077402278283,-0.39113437362902176,-0.2854535230360066,-0.00969200993336396,-0.10568085059301519,0.016635833193476585
2019-01-31,-0.0021289204929227524,0.025129925642561793,0.0164454144130792,0.023489156909355532,-0.36600444798646,-0.26900810862292734,0.008684511229482592,-0.09699633936353264,0.016328786455930656
2019-02-01,-0.0016329151031717892,0.02571782433042453,0.017391987787944,0.021856241806183743,-0.34028662365603546,-0.25161612083498336,0.008325836542480532,-0.0886705028210521,0.016063940293405916
2019-02-11,-0.007427067731567795,0.010076302273727637,0.0079233849464341,0.014429174074615948,-0.3302103213823078,-0.24369273588854926,0.0021529173272935367,-0.08651758549375857,0.01570758415155423
2019-02-12,-0.0018384667493928474,0.01607236258353492,0.0178161629632656,0.012590707325223102,-0.31413795879877293,-0.22587657292528365,-0.0017438003797306777,-0.08826138587348928,0.015959585300842107
2019-02-13,-0.0008655171910467284,0.004908311985781352,0.0012294734039953,0.011725190134176373,-0.3092296468129916,-0.22464709952128836,0.003678838581786052,-0.08458254729170323,0.015671974072620113
2019-02-14,-0.008651325612147306,-0.007835639274068962,-0.0127143461934541,0.0030738645220290666,-0.3170652860870605,-0.23736144571474246,0.0048787069193851375,-0.07970384037231806,0.01606336394875127
2019-02-15,-0.0008316679943080886,0.033481392270780744,0.0296285103225211,0.002242196527720978,-0.2835838938162798,-0.20773293539222137,0.0038528819482596434,-0.07585095842405842,0.016725629510158792
2019-02-18,-0.009561020870069712,-0.0024582635746518886,0.0003060783742927,-0.007318824342348734,-0.2860421573909317,-0.20742685701792868,-0.0027643419489445887,-0.07861530037300302,0.016687240871446157
2019-02-19,-0.004171264526543129,-0.000183557898818126,0.0026760232960936,-0.011490088868891864,-0.2862257152897498,-0.20475083372183508,-0.002859581194911726,-0.08147488156791474,0.016597749299881125
2019-02-20,-0.0009338487427593393,-0.003509714641573727,-0.003407111890974,-0.012423937611651203,-0.28973542993132356,-0.2081579456128091,-0.00010260275059972715,-0.08157748431851447,0.016990992873125187
2019-02-21,-0.00415595466907281,0.018718165789708887,0.0191276872797856,-0.016579892280724012,-0.2710172641416147,-0.1890302583330235,-0.00040952149007671135,-0.0819870058085912,0.01736596293478559
2019-02-22,-0.003289579290528905,0.04699617094650758,0.0543796976081246,-0.019869471571252916,-0.22402109319510713,-0.1346505607248989,-0.0073835266616170195,-0.08937053247020824,0.017907157091504998
2019-02-25,-0.004836167290359928,-0.004151612255545775,-0.0080396762078166,-0.024705638861612846,-0.2281727054506529,-0.1426902369327155,0.0038880639522708245,-0.08548246851793742,0.017749943929904456
2019-02-26,-0.007643947654878306,-0.006825705678247316,-0.0001560870922231,-0.032349586516491155,-0.23499841112890021,-0.14284632402493858,-0.006669618586024216,-0.09215208710396164,0.01763569825543383
2019-02-27,0.0042854890769375206,0.006634209784884917,-0.0022163034529464,-0.028064097439553633,-0.2283642013440153,-0.14506262747788498,0.008850513237831318,-0.08330157386613032,0.018624779099957224
2019-02-28,0.0027001288625863374,0.008126586037988805,0.0158306749967308,-0.025363968576967294,-0.2202376153060265,-0.12923195248115418,-0.007704088958741997,-0.09100566282487232,0.01887351355441674
2019-03-01,-0.0022164185090897477,0.016669128151355163,0.013551427585616,-0.02758038708605704,-0.20356848715467135,-0.11568052489553818,0.003117700565739163,-0.08788796225913317,0.02035885223959137
2019-03-04,-0.011772665036622304,0.01842545636622631,0.0119143139613689,-0.039353052122679345,-0.18514303078844505,-0.10376621093416928,0.006511142404857409,-0.08137681985427576,0.020473809961204775
2019-03-05,-0.015754722352364848,0.01075581924402686,0.0133798988578763,-0.0551077744750442,-0.1743872115444182,-0.09038631207629298,-0.0026240796138494414,-0.08400089946812521,0.021971893902601347
2019-03-06,-0.01843187232249635,0.0030799020599350047,-0.0008832669381295,-0.07353964679754055,-0.1713073094844832,-0.09126957901442248,0.003963168998064505,-0.08003773047006071,0.023329680915497152
2019-03-07,0.016489713595737414,-0.035909924268328446,-0.0426703885659484,-0.057049933201803134,-0.20721723375281165,-0.13393996758037088,0.006760464297619957,-0.07327726617244076,0.024352190153572612
2019-03-08,-0.00012899613517739405,0.04039863513360191,0.0256992769932573,-0.05717892933698053,-0.16681859861920972,-0.10824069058711358,0.01469935814034461,-0.05857790803209614,0.02469805558967624
2019-03-11,-0.003167436983931443,0.016871068479088806,0.0121273175554188,-0.060346366320911976,-0.1499475301401209,-0.09611337303169479,0.0047437509236700065,-0.05383415710842612,0.02411404385909719
2019-03-12,0.0022521858060342466,-0.01808917710901224,-0.0146904640296736,-0.05809418051487773,-0.16803670724913317,-0.11080383706136838,-0.003398713079338641,-0.05723287018776478,0.02360224784789905
2019-03-13,0.017314687189261952,-0.016998345529930885,-0.0150706703732879,-0.040779493325615784,-0.18503505277906404,-0.12587450743465628,-0.0019276751566429853,-0.05916054534440776,0.023111153019402884
2019-03-14,-0.002926841325251135,0.013324485268662924,0.0115257914182647,-0.04370633465086692,-0.17171056751040112,-0.11434871601639159,0.0017986938503982246,-0.05736185149400953,0.02329789361270884
2019-03-15,0.004998949013604289,0.026758094695903827,0.0244443210595683,-0.038707385637262635,-0.1449524728144973,-0.08990439495682329,0.0023137736363355275,-0.055048077857674016,0.022466060217927485
2019-03-18,-0.001370611918188692,0.002339060979921035,-0.0010386005151526,-0.04007799755545133,-0.14261341183457626,-0.09094299547197589,0.003377661495073635,-0.05167041636260038,0.02348273023443583
2019-03-19,-0.006672061134480884,-0.004133068532097363,-0.0014302175232411,-0.04675005868993221,-0.14674648036667362,-0.09237321299521699,-0.002702851008856263,-0.05437326737145663,0.022287936070087323
2019-03-20,-0.005924290954731408,0.006912808869226248,0.0042465819751163,-0.05267434964466362,-0.13983367149744738,-0.08812663102010068,0.0026662268941099474,-0.0517070404773467,0.02573360319191995
2019-03-21,0.0004582475028195591,0.005299575748209983,0.0008862142403085,-0.052216102141844065,-0.1345340957492374,-0.08724041677979218,0.004413361507901482,-0.04729367896944521,0.02553079543028481
2019-03-22,-0.0018250452179189097,-0.010829191480093382,-0.0187560191244772,-0.054041147359762974,-0.14536328722933076,-0.10599643590426938,0.00792682764438382,-0.039366851325061375,0.025620493191044275
2019-03-25,0.0064199255799711604,-0.02292257395605717,-0.0173685418408224,-0.04762122177979181,-0.16828586118538794,-0.12336497774509178,-0.00555403211523477,-0.044920883440296155,0.02678850840771999
2019-03-26,0.005108602230564768,0.010568141602070927,0.008821149037225,-0.04251261954922705,-0.157717719583317,-0.11454382870786678,0.001746992564845928,-0.04317389087545023,0.025437707179244644
2019-03-27,0.008148654000962237,-0.008541252227457084,-0.0091615984868105,-0.03436396554826481,-0.1662589718107741,-0.12370542719467728,0.0006203462593534163,-0.04255354461609681,0.024978314406121898
2019-03-28,0.0012117796543111852,0.02724986805180361,0.0317806755048708,-0.03315218589395363,-0.1390091037589705,-0.09192475168980649,-0.004530807453067189,-0.047084352069164004,0.024620661348194663
2019-03-29,-0.005079391546195093,0.03128782590676786,0.0289157997092267,-0.03823157744014872,-0.10772127785220263,-0.06300895198057979,0.00237202619754116,-0.04471232587162284,0.02458821279235275
2019-04-01,-0.006202232969878817,0.000723234554107291,0.0009959600555372,-0.04443381041002754,-0.10699804329809534,-0.062012991925042595,-0.000272725501429909,-0.04498505137305275,0.02569244046764757
2019-04-02,-0.005518439433216427,0.006808227901197255,0.0110267405212969,-0.049952249843243965,-0.10018981539689809,-0.05098625140374569,-0.004218512620099645,-0.04920356399315239,0.02662288660977958
2019-04-03,-0.0020645908253732665,0.0021905466915842823,0.008141213873208,-0.05201684066861723,-0.09799926870531381,-0.04284503753053769,-0.0059506671816237176,-0.055154231174776115,0.02250005524955204
2019-04-04,-0.004901835953817099,-0.006803109309734251,-0.0024391107796338,-0.056918676622434335,-0.10480237801504806,-0.045284148310171496,-0.0043639985301004505,-0.059518229704876566,0.023153190324529588
2019-04-08,-0.0038681053136724415,0.0028961139884475743,0.0003726992506791,-0.060786781936106773,-0.10190626402660048,-0.044911449059492396,0.002523414737768474,-0.056994814967108086,0.02268250418769494
2019-04-09,-0.0031951400999061476,-0.0006414733795689517,-0.0007184468084606,-0.06398192203601293,-0.10254773740616943,-0.045629895867953,7.697342889164825e-05,-0.056917841538216433,0.021664985408368823
2019-04-10,-0.005639045554421674,-0.022582614572404045,-0.0184750303904839,-0.0696209675904346,-0.12513035197857347,-0.06410492625843689,-0.0041075841819201465,-0.061025425720136584,0.021563398367698373
2019-04-11,0.0020553667100672406,-0.0016816475412576725,-0.0011128331812969,-0.06756560088036735,-0.12681199951983116,-0.06521775943973379,-0.0005688143599607725,-0.06159424008009737,0.022281713436510968
2019-04-12,0.0016580402363654187,-0.008158095532026791,-0.0043942915926193,-0.06590756064400194,-0.13497009505185795,-0.06961205103235309,-0.0037638039394074915,-0.06535804401950486,0.021587487301870052
2019-04-15,-0.003782097595086371,0.017646717692604723,0.0239294718738194,-0.0696896582390883,-0.11732337735925322,-0.04568257915853369,-0.006282754181214677,-0.07164079820071953,0.021769980078338216
2019-04-16,-0.007274037599756504,0.0047656710220847385,0.0038853379856564,-0.07696369583884481,-0.11255770633716848,-0.04179724117287729,0.0008803330364283387,-0.07076046516429119,0.02066701346209151
2019-04-17,-0.0004169859409444059,-0.00560507953694904,-0.0055073228442824,-0.07738068177978921,-0.11816278587411752,-0.04730456401715969,-9.775669266663938e-05,-0.07085822185695784,0.0200579691243766
2019-04-18,-0.003931931061146077,0.00531925840781613,0.0076283655031633,-0.08131261284093529,-0.11284352746630139,-0.03967619851399639,-0.0023091070953471697,-0.07316732895230499,0.019516078523530454
2019-04-19,3.598234569105808e-05,-0.012484288886579063,-0.0180000695962831,-0.08127663049524422,-0.12532781635288046,-0.05767626811027949,0.0055157807097040365,-0.06765154824260097,0.019909323615219382
2019-04-22,0.004210360971374231,-0.016114274820427835,-0.0080318118145202,-0.07706626952387,-0.1414420911733083,-0.06570807992479968,-0.008082463005907635,-0.07573401124850862,0.01903878136286308
2019-04-23,-0.0030316072002264157,0.008050936556886988,0.0045080222664411,-0.0800978767240964,-0.13339115461642131,-0.061200057658358585,0.003542914290445888,-0.07219109695806272,0.018964595967439872
2019-04-24,0.013043222561216717,-0.032865682494485036,-0.0280942704751491,-0.06705465416287969,-0.16625683711090636,-0.08929432813350768,-0.004771412019335935,-0.07696250897739867,0.018798847983843337
2019-04-25,0.006646276875313628,-0.00993230495989785,-0.0121585900042967,-0.06040837728756606,-0.17618914207080422,-0.10145291813780438,0.0022262850443988506,-0.07473622393299983,0.018780322172055212
2019-04-26,0.024360207408928077,-0.02153808067213181,-0.0115772168662027,-0.03604816987863799,-0.19772722274293603,-0.11303013500400708,-0.00996086380592911,-0.08469708773892895,0.019023520552420504
2019-04-29,-0.0019017428263273365,0.006685114794187659,0.0050932616760548,-0.037949912704965325,-0.19104210794874837,-0.10793687332795228,0.0015918531181328592,-0.0831052346207961,0.019509750245970358
2019-04-30,0.00536731447822624,-0.07340089271191745,-0.064093342963868,-0.03258259822673908,-0.26444300066066584,-0.17203021629182028,-0.009307549748049454,-0.09241278436884556,0.019399847090002375
2019-05-06,-0.0002574295373439748,0.01410102262230211,0.0089177668984443,-0.032840027764083055,-0.2503419780383637,-0.16311244939337596,0.00518325572385781,-0.08722952864498776,0.018655816321700876
2019-05-07,-0.0036561802413601955,-0.004637889761749657,-0.0103870331575191,-0.03649620800544325,-0.2549798678001134,-0.17349948255089506,0.005749143395769443,-0.08148038524921833,0.0188731475645479
2019-05-08,0.0014894700702130378,-0.009241403125785063,-0.0146547341273532,-0.035006737935230216,-0.2642212709258985,-0.18815421667824828,0.005413331001568137,-0.0760670542476502,0.01873301796112342
2019-05-09,-0.0027912708933486006,0.032355230600318766,0.0322000483882132,-0.03779800882857882,-0.23186604032557973,-0.15595416829003508,0.00015518221210556599,-0.07591187203554464,0.018554660133875737
2019-05-10,0.0031801637477534544,-0.0062171933141161135,-0.0126920457542893,-0.03461784508082536,-0.23808323363969583,-0.1686462140443244,0.006474852440173187,-0.06943701959537144,0.018472324590040983
2019-05-13,0.0009410624324227832,-0.007347392446020611,-0.0066532250552092,-0.03367678264840258,-0.24543062608571645,-0.1752994390995336,-0.0006941673908114118,-0.07013118698618284,0.018276513937839967
2019-05-14,-0.0031876448904290264,0.019411815795819836,0.020180561134738,-0.0368644275388316,-0.22601881028989662,-0.1551188779647956,-0.0007687453389181656,-0.07089993232510103,0.01835722079047798
2019-05-15,0.001871325923390354,0.008049331828260174,0.0048089978119853,-0.034993101615441245,-0.21796947846163645,-0.1503098801528103,0.003240334016274874,-0.06765959830882615,0.018205520948155512
2019-05-16,0.004855274828140834,-0.033972189853305176,-0.0276743557739096,-0.030137826787300412,-0.25194166831494164,-0.1779842359267199,-0.006297834079395576,-0.07395743238822172,0.017884293103101377
2019-05-17,0.002413591804306128,-0.004105215483893544,-0.0048056236003285,-0.027724234982994284,-0.25604688379883517,-0.1827898595270484,0.0007004081164349559,-0.07325702427178676,0.017286475786712763
2019-05-20,-0.0025118734126754307,0.015597516653654402,0.0136267831841682,-0.030236108395669713,-0.24044936714518075,-0.1691630763428802,0.001970733469486202,-0.07128629080230056,0.018345567158031477
2019-05-21,0.002192519066971378,-0.0047489493365239785,-0.0052865256056417,-0.028043589328698337,-0.24519831648170473,-0.17444960194852188,0.0005375762691177217,-0.07074871453318285,0.018182858410739692
2019-05-22,0.0024737689135971444,-0.023008729156597636,-0.0172275010022488,-0.025569820415101193,-0.2682070456383024,-0.19167710295077067,-0.005781228154348835,-0.07652994268753172,0.017686068336081766
2019-05-23,0.0037865167768894245,-0.005675850525332225,-0.0018184180525393,-0.02178330363821177,-0.2738828961636346,-0.19349552100330997,-0.0038574324727929255,-0.08038737516032463,0.01839470076509747
2019-05-24,-0.001777942735484028,0.024445988588662634,0.0159544741699701,-0.023561246373695797,-0.24943690757497194,-0.17754104683333988,0.008491514418692534,-0.07189586074163207,0.019419773156504193
2019-05-27,0.0016680962753358682,0.0017969684710713225,0.0055905938973755,-0.021893150098359928,-0.2476399391039006,-0.17195045293596437,-0.0037936254263041774,-0.07568948616793625,0.02116165160725972
2019-05-28,0.0025994526620651366,0.003907974859862389,-0.0001318123491041,-0.01929369743629479,-0.24373196424403823,-0.17208226528506845,0.004039787208966489,-0.07164969895896978,0.020163620535307975
2019-05-29,0.00544991606011278,-0.004369738491536678,-0.0047507204051585,-0.01384378137618201,-0.2481017027355749,-0.17683298569022696,0.0003809819136218213,-0.07126871704534796,0.019231539341063454
2019-05-30,0.005025607380494279,0.001605131215857613,-0.0027133696800896,-0.008818173995687732,-0.2464965715197173,-0.17954635537031655,0.0043185008959472125,-0.06695021614940075,0.019896251269900894
2019-05-31,0.005353941864376072,-0.011053650602056788,-0.0041436045631774,-0.0034642321313116606,-0.2575502221217741,-0.18368995993349393,-0.006910046038879388,-0.07386026218828015,0.02061702398149865
2019-06-03,0.0019588336385636374,-0.015192095878917714,-0.0101970397921408,-0.0015053984927480232,-0.2727423180006918,-0.19388699972563472,-0.004995056086776913,-0.0788553182750571,0.020394384725434322
2019-06-04,0.0013422564790896263,3.3186089081332856e-05,0.0003002392956292,-0.00016314201365839691,-0.2727091319116105,-0.19358676043000553,-0.00026705320654786714,-0.07912237148160498,0.021882074713249988
2019-06-05,0.002355299670590812,-0.02413292944843359,-0.0146210058285978,0.002192157656932415,-0.2968420613600441,-0.20820776625860332,-0.00951192361983579,-0.08863429510144077,0.023780042416338947
2019-06-06,0.005717500609335559,0.013610046912018923,0.0103155664203442,0.007909658266267973,-0.28323201444802515,-0.19789219983825912,0.0032944804916747224,-0.08533981460976603,0.025178624586872776
2019-06-10,-0.004736796335487905,0.030841235307758497,0.0281249045861766,0.0031728619307800675,-0.25239077914026664,-0.1697672952520825,0.002716330721581898,-0.08262348388818413,0.025183961893339886
2019-06-11,-0.0022067046012547724,-0.00616519426909741,-0.0066178768764574,0.0009661573295252951,-0.25855597340936404,-0.1763851721285399,0.0004526826073599898,-0.08217080128082413,0.0249763599797453
2019-06-12,-0.007682852317816657,0.002394294135221455,0.0007160015893938,-0.006716694988291362,-0.2561616792741426,-0.1756691705391461,0.001678292545827655,-0.08049250873499647,0.02500474333708842
2019-06-13,0.0048003957026078,-0.018014746040029127,-0.0120764048378169,-0.0019162992856835625,-0.2741764253141717,-0.18774557537696301,-0.005938341202212228,-0.08643084993720868,0.02482085236490198
2019-06-14,-0.002461682523742238,5.4353511901638414e-05,0.0004952430192169,-0.0043779818094258,-0.27412207180227005,-0.1872503323577461,-0.0004408895073152616,-0.08687173944452395,0.02428650280372332
2019-06-17,-0.0009381207452700969,-0.0012798120255354576,0.0012233876349699,-0.005316102554695897,-0.2754018838278055,-0.1860269447227762,-0.0025031996605053577,-0.0893749391050293,0.025152094834034435
2019-06-18,-0.0001922353125272209,0.013462177137384268,0.0129107336755395,-0.005508337867223118,-0.2619397066904212,-0.1731162110472367,0.0005514434618447677,-0.08882349564318451,0.02505448901740561
2019-06-19,-0.0012538873510382314,0.0156267431762846,0.022216386380719,-0.00676222521826135,-0.24631296351413662,-0.15089982466651772,-0.006589643204434399,-0.0954131388476189,0.02506659908444362
2019-06-20,-0.0037517500301583076,0.014336516604911384,0.0063248612931802,-0.010513975248419658,-0.23197644690922523,-0.14457496337333753,0.008011655311731184,-0.0874014835358877,0.024363483230244697
2019-06-21,0.0017008845991359027,0.0004528601402720841,0.0011094565069221,-0.008813090649283756,-0.23152358676895315,-0.14346550686641543,-0.0006565963666500159,-0.08805807990253772,0.02354695908206546
2019-06-24,0.0029427479025613073,-0.007879330149846927,-0.0096392349402953,-0.005870342746722448,-0.23940291691880008,-0.15310474180671074,0.001759904790448373,-0.08629817511208934,0.023324492863284366
2019-06-25,0.0061465263590218195,0.002967661949889611,-0.0014773522341867,0.0002761836122993711,-0.23643525496891046,-0.15458209404089746,0.00444501418407631,-0.08185316092801301,0.023244509985546637
2019-06-26,0.0030092293861714663,0.009433565785232266,0.0085216674630804,0.0032854129984708374,-0.2270016891836782,-0.14606042657781707,0.0009118983221518655,-0.08094126260586113,0.023495669408778095
2019-06-27,0.004616466229820236,-0.010376324747671684,-0.0063583437937603,0.007901879228291074,-0.23737801393134988,-0.15241877037157736,-0.004017980953911384,-0.08495924355977252,0.022609254759689005
2019-06-28,-0.0010964847846079966,0.028216222136985693,0.0251038724828797,0.0068053944436830775,-0.2091617917943642,-0.12731489788869765,0.003112349654105992,-0.08184689390566655,0.022409641600466865
2019-07-01,0.0032362307968460194,0.0015279201360295334,-2.532280264156252e-05,0.010041625240529097,-0.20763387165833466,-0.1273402206913392,0.001553242938671096,-0.08029365096699545,0.02391571279974508
2019-07-02,-0.0009446537990577733,-0.011378148437840137,-0.0087718346811965,0.009096971441471324,-0.2190120200961748,-0.1361120553725357,-0.0026063137566436374,-0.08289996472363909,0.023779455357448822
2019-07-03,-0.002244914730267271,-0.006421516072376503,-0.0041371217392383,0.006852056711204053,-0.2254335361685513,-0.140249177111774,-0.002284394333138203,-0.08518435905677729,0.023255578180839048
2019-07-04,0.0012014959974513755,0.0038628153189406472,0.0027945898737312,0.008053552708655428,-0.22157072084961066,-0.1374545872380428,0.0010682254452094473,-0.08411613361156786,0.024367439670395376
2019-07-05,0.006573781731335114,-0.03027926062448387,-0.0264926391149647,0.014627334439990543,-0.25184998147409454,-0.16394722635300749,-0.0037866215095191703,-0.08790275512108706,0.025235962514015452
2019-07-08,-0.0027338581084597295,0.0014419108797607708,-0.0007501997292601,0.011893476331530813,-0.2504080705943338,-0.1646974260822676,0.0021921106090208708,-0.0857106445120662,0.02652927022758825
2019-07-09,0.0020606366202527053,-0.004983415480466974,-0.0049075456920974,0.013954112951783518,-0.2553914860748008,-0.16960497177436498,-7.586978836957373e-05,-0.0857865143004358,0.026721541582332198
2019-07-10,0.00030854886000813324,0.0003813532107144646,0.0006340203771346,0.01426266181179165,-0.2550101328640863,-0.1689709513972304,-0.0002526671664201354,-0.08603918146685591,0.027308400945140976
2019-07-11,0.0007632155597007903,0.00349368581426877,0.0059906389552443,0.015025877371492441,-0.2515164470498175,-0.1629803124419861,-0.00249695314097553,-0.08853613460783141,0.027528420012060954
2019-07-12,-0.004311275097868227,0.00595916025066298,0.0055077195555428,0.010714602273624214,-0.24555728679915453,-0.1574725928864433,0.00045144069512018017,-0.08808469391271123,0.02826351635632815
2019-07-15,-0.006063861400747597,-0.001334803535313655,-0.0014684577890466,0.004650740872876617,-0.24689209033446818,-0.15894105067548991,0.000133654253732945,-0.08795103965897827,0.02607422793018971
2019-07-16,-0.0015217224137839321,-0.0007328084346764364,-0.0008350347651256,0.0031290184590926848,-0.24762489876914462,-0.1597760854406155,0.00010222633044916366,-0.08784881332852912,0.025760624822343783
2019-07-17,0.0024742953886979406,-0.01629642831180937,-0.011318673644074,0.005603313847790625,-0.263921327080954,-0.1710947590846895,-0.004977754667735371,-0.09282656799626451,0.025316154618652734
2019-07-18,0.0006543910871034052,0.005525867954442831,0.0080696156983001,0.0062577049348940305,-0.2583954591265112,-0.1630251433863894,-0.00254374774385727,-0.09537031574012178,0.02516489806325625
2019-07-19,0.011099214661282313,-0.019137307022269106,-0.0134186293568614,0.017356919596176343,-0.2775327661487803,-0.1764437727432508,-0.0057186776654077065,-0.10108899340552951,0.02535685076636852
2019-07-22,-0.002504872759754461,0.010399178661562553,0.0059722725832454,0.014852046836421882,-0.26713358748721777,-0.1704715001600054,0.0044269060783171535,-0.09666208732721238,0.023963508200631662
2019-07-23,-0.0007658422126119687,0.010913078351655033,0.0090516902916903,0.014086204623809913,-0.2562205091355627,-0.16141980986831508,0.0018613880599647331,-0.09480069926724763,0.023149025646287808
2019-07-24,0.001583320667790345,0.0041326439686740265,0.0052382761029249,0.015669525291600258,-0.2520878651668887,-0.15618153376539018,-0.001105632134250874,-0.09590633140149851,0.023326215749071597
2019-07-25,0.003961411633765799,0.0035207953244316176,0.0013741817259798,0.019630936925366056,-0.24856706984245708,-0.15480735203941037,0.0021466135984518175,-0.0937597178030467,0.02302570304992845
2019-07-26,0.0013394161930851934,0.00029416493955572876,-0.0007776909861013,0.02097035311845125,-0.24827290490290135,-0.15558504302551168,0.001071855925657029,-0.09268786187738967,0.023032549988635437
2019-07-29,0.0007145671135724939,0.004690560284738319,0.0043107022622238,0.021684920232023744,-0.24358234461816303,-0.15127434076328788,0.0003798580225145183,-0.09230800385487514,0.022979305254452687
2019-07-30,0.0016624325260275914,-0.00518486698249692,-0.0070214188614364,0.023347352758051335,-0.24876721160065995,-0.15829575962472428,0.0018365518789394799,-0.09047145197593567,0.023224670499680727
2019-07-31,0.0011612968806360838,-0.004282640857155518,-0.007148519301761,0.02450864963868742,-0.25304985245781547,-0.16544427892648528,0.0028658784446054814,-0.0876055735313302,0.02386214656116966
2019-08-01,0.0038060845105024137,-0.013591023508886895,-0.014864137074213,0.028314734149189832,-0.2666408759667024,-0.18030841600069827,0.0012731135653261047,-0.08633245996600411,0.02419173010935494
2019-08-02,-0.004736322450590077,-0.015448747934536947,-0.0162535993097497,0.023578411698599755,-0.2820896239012393,-0.19656201531044798,0.000804851375212752,-0.08552760859079134,0.024342248287709253
2019-08-05,0.010803256994775676,-0.020573164474650265,-0.0164958133832842,0.03438166869337543,-0.30266278837588956,-0.2130578286937322,-0.004077351091366064,-0.08960495968215737,0.024009121453069857
2019-08-06,0.0018506841249870776,-0.0017399972614369733,-0.003760972526929,0.036232352818362505,-0.30440278563732653,-0.2168188012206612,0.0020209752654920267,-0.08758398441666534,0.022351808392408044
2019-08-07,0.0013302899804122496,0.007964336463508588,0.0097574436155389,0.037562642798774755,-0.29643844917381795,-0.2070613576051223,-0.0017931071520303123,-0.08937709156869567,0.02181838065774501
2019-08-08,0.0017441735223002132,-0.010176141300602846,-0.0085564940562342,0.03930681632107497,-0.3066145904744208,-0.2156178516613565,-0.001619647244368647,-0.0909967388130643,0.021423169479267153
2019-08-09,0.0007462823898962747,0.01734391499061422,0.0157441059917423,0.04005309871097124,-0.2892706754838066,-0.1998737456696142,0.0015998089988719204,-0.0893969298141924,0.019961911907240965
2019-08-12,0.00144485814551775,-0.0048488720331204,-0.0069956035420279,0.04149795685648899,-0.294119547516927,-0.2068693492116421,0.0021467315089075,-0.08725019830528488,0.019626099269420865
2019-08-13,0.001912912226513323,0.007715702527286513,0.0047523215001223,0.04341086908300232,-0.28640384498964044,-0.2021170277115198,0.002963381027164213,-0.08428681727812065,0.01871903987789644
2019-08-14,-0.001625964857375582,0.002741168301773441,0.0032629898295355,0.04178490422562674,-0.283662676687867,-0.1988540378819843,-0.0005218215277620593,-0.08480863880588269,0.018622740910542775
2019-08-15,0.0032113274203150162,0.006629424319628263,0.0034531074878289,0.044996231645941756,-0.2770332523682387,-0.1954009303941554,0.003176316831799363,-0.08163232197408332,0.01806969972892443
2019-08-16,-0.0001861894108639289,0.02875527882356995,0.0228493829868133,0.04481004223507783,-0.24827797354466877,-0.1725515474073421,0.005905895836756651,-0.07572642613732666,0.01786106555462528
2019-08-19,-0.0040217765085614355,-0.0007942876293659277,-0.0007152651295374,0.04078826572651639,-0.2490722611740347,-0.1732668125368795,-7.902249982852773e-05,-0.07580544863715519,0.01708972626548432
2019-08-20,-0.00036543126045951815,0.00015130532976518945,-0.0002816222109887,0.04042283446605687,-0.24892095584426951,-0.1735484347478682,0.00043292754075388947,-0.0753725210964013,0.017447697757350784
2019-08-21,-0.00075386623216135,0.0038464052116105245,0.001633147766652,0.03966896823389552,-0.24507455063265898,-0.17191528698121622,0.0022132574449585246,-0.07315926365144276,0.016853485201682887
2019-08-22,0.002639879149812894,0.0015889007874900479,0.0033793314903308,0.042308847383708416,-0.24348564984516893,-0.16853595549088543,-0.0017904307028407522,-0.0749496943542835,0.01704817753454414
2019-08-23,-0.0001741202361242221,-0.007107889961822411,-0.0107685680576831,0.04213472714758419,-0.25059353980699134,-0.17930452354856852,0.0036606780958606897,-0.07128901625842282,0.016988649719605106
2019-08-26,-0.004939074539044878,0.015570888452360852,0.0145304372334204,0.03719565260853931,-0.2350226513546305,-0.16477408631514812,0.001040451218940452,-0.07024856503948237,0.01788249986159035
2019-08-27,-0.00293385636670779,-0.0024550250893041426,-0.0030863154600817,0.034261796241831524,-0.23747767644393464,-0.16786040177522982,0.0006312903707775572,-0.06961727466870482,0.016664467666816046
2019-08-28,-0.00026059578089480885,-0.0006729678252309862,-0.001414086717042,0.034001200460936715,-0.23815064426916563,-0.1692744884922718,0.0007411188918110137,-0.06887615577689382,0.017005330978998704
2019-08-29,0.008549240899037412,-0.007794251197664432,-0.0039358913738441,0.04255044135997413,-0.24594489546683007,-0.1732103798661159,-0.003858359823820332,-0.07273451560071417,0.01800798361525563
2019-08-30,-0.002077742519236781,0.020974519084715166,0.0153533390510022,0.04047269884073735,-0.2249703763821149,-0.1578570408151137,0.005621180033712966,-0.06711333556700119,0.0176979882346894
2019-09-02,-0.0035171554825569945,0.0035600051614785807,0.0031454121912061,0.036955543358180354,-0.2214103712206363,-0.1547116286239076,0.0004145929702724805,-0.0666987425967287,0.017663792167085968
2019-09-03,-0.0025621007786590998,0.005176543049436493,0.0089425186100308,0.034393442579521254,-0.21623382817119982,-0.14576911001387682,-0.0037659755605943075,-0.070464718157323,0.017294076026183176
2019-09-04,-0.0013371951625438722,0.007994967435105449,0.0093081368425427,0.03305624741697738,-0.20823886073609438,-0.13646097317133413,-0.0013131694074372518,-0.07177788756476025,0.016947790205062707
2019-09-05,0.0028684336589292364,0.005144111896539755,0.0043773904770668,0.035924681075906614,-0.2030947488395546,-0.13208358269426732,0.0007667214194729544,-0.0710111661452873,0.017005364350407524
2019-09-06,-0.002472650114913471,0.017628992895900555,0.0110787287907141,0.03345203096099314,-0.18546575594365405,-0.12100485390355321,0.006550264105186455,-0.06446090204010084,0.017045892897427126
2019-09-09,-0.005728157656389605,-0.001507386447034091,-0.0017753691049116,0.027723873304603533,-0.18697314239068816,-0.12278022300846482,0.0002679826578775089,-0.06419291938222334,0.01894408068428479
2019-09-10,-0.0012912188143835782,-0.00794033691652083,-0.0051386714178541,0.026432654490219955,-0.19491347930720898,-0.12791889442631893,-0.0028016654986667304,-0.06699458488089005,0.01966208820101508
2019-09-11,-9.728114977952478e-06,0.006314830698726365,0.0068080741613192,0.026422926375242003,-0.1885986486084826,-0.12111082026499972,-0.0004932434625928347,-0.06748782834348288,0.019696233347877352
2019-09-12,-0.0007104332779214917,0.002442595803554839,-0.0001504411195609,0.025712493097320512,-0.18615605280492778,-0.12126126138456063,0.002593036923115739,-0.06489479142036715,0.0193273459626285
2019-09-16,0.005025707634909142,-0.0193312551785623,-0.0182574066341475,0.030738200732229652,-0.20548730798349008,-0.13951866801870813,-0.0010738485444148002,-0.06596863996478194,0.019535362137597274
2019-09-17,0.005797869213741952,0.005660743507144767,0.0021404972263647,0.036536069945971604,-0.1998265644763453,-0.13737817079234343,0.0035202462807800675,-0.062448393684001874,0.019802912210395342
2019-09-18,0.0003722040637686567,0.009561529004841838,0.005867524825609,0.03690827400974026,-0.19026503547150347,-0.13151064596673442,0.0036940041792328376,-0.05875438950476905,0.019558359716581986
2019-09-19,0.0004362788754579797,0.0015238841665313942,0.0021868905021832,0.037344552885198244,-0.18874115130497207,-0.12932375546455122,-0.0006630063356518057,-0.059417395840420856,0.019840618754003125
2019-09-20,0.000385383296985872,-0.009000412963378364,-0.0099539017118717,0.037729936182184114,-0.19774156426835043,-0.1392776571764229,0.0009534887484933356,-0.05846390709192753,0.019495870819224236
2019-09-23,0.003125561910374975,0.0044820283238829785,0.0022805587864175,0.04085549809255909,-0.19325953594446746,-0.1369970983900054,0.0022014695374654785,-0.05626243755446206,0.019314957361862846
2019-09-24,0.0066325106356730276,-0.0144135667745286,-0.0116868330318336,0.04748800872823212,-0.20767310271899606,-0.148683931421839,-0.0027267337426949995,-0.058989171297157056,0.01778840691287786
2019-09-25,0.006868146424218665,-0.022612565954093247,-0.0137195685600183,0.054356155152450784,-0.2302856686730893,-0.1624034999818573,-0.008892997394074946,-0.06788216869123201,0.01733692718989582
2019-09-26,-0.003063366023186391,0.005916224029535567,0.00357064854609,0.051292789129264396,-0.22436944464355374,-0.1588328514357673,0.002345575483445567,-0.06553659320778643,0.017084661217922605
2019-09-27,0.0027933495883509713,-0.008704376046919574,-0.009799211379862,0.05408613871761537,-0.2330738206904733,-0.1686320628156293,0.001094835332942426,-0.06444175787484399,0.01776272406122242
2019-09-30,-0.002314613779335216,-0.00011844975716054364,0.0029397057947559,0.051771524938280154,-0.23319227044763385,-0.16569235702087343,-0.0030581555519164434,-0.06749991342676043,0.017404111630312358
2019-10-08,-0.003457688983342668,0.00580764228413145,0.0047585211133725,0.04831383595493749,-0.2273846281635024,-0.16093383590750093,0.0010491211707589505,-0.06645079225600148,0.017867438256018088
2019-10-09,0.002019871373480619,0.013774552026190648,0.0095599653174757,0.05033370732841811,-0.21361007613731176,-0.15137387059002524,0.004214586708714947,-0.06223620554728651,0.01777858098072931
2019-10-10,-0.0035824922728314008,-5.855964137451293e-06,0.0070422060370176,0.04675121505558671,-0.21361593210144922,-0.14433166455300764,-0.007048062001155052,-0.06928426754844158,0.0176508652468305
2019-10-11,-0.0019752434424558014,0.013149883356972819,0.0121976383994122,0.044775971613130905,-0.2004660487444764,-0.13213402615359543,0.000952244957560619,-0.06833202259088098,0.017039836268686163
2019-10-14,0.002244318549705244,-0.009209553201652166,-0.0072456442893855,0.04702029016283615,-0.20967560194612858,-0.13937967044298094,-0.001963908912266666,-0.07029593150314764,0.01714217681969581
2019-10-15,0.004000478913681391,-0.003252151102218072,-0.0041725906644979,0.051020769076517536,-0.21292775304834666,-0.14355226110747885,0.0009204395622798276,-0.06937549194086781,0.016854634519984018
2019-10-16,0.00206396428312619,6.676104128520452e-05,-4.909195908094479e-05,0.053084733359643727,-0.21286099200706146,-0.1436013530665598,0.00011585300036614932,-0.06925963894050166,0.01700778482881155
2019-10-17,0.0028449194030179233,-0.010698994202622566,-0.0127693919484936,0.05592965276266165,-0.22355998620968404,-0.1563707450150534,0.002070397745871033,-0.06718924119463063,0.017076188538603976
2019-10-18,-0.0036373420932900914,-0.005941513425827742,0.0012430251199828,0.05229231066937156,-0.22950149963551178,-0.1551277198950706,-0.007184538545810542,-0.07437377974044118,0.017572507874761063
2019-10-21,0.00031097770732333785,0.01089791152611879,0.0061781057422775,0.052603288376694896,-0.21860358810939298,-0.1489496141527931,0.004719805783841291,-0.06965397395659989,0.01758914223556453
2019-10-22,-0.0032587720990148437,-0.008529317093330886,-0.0052665686975749,0.04934451627768005,-0.22713290520272386,-0.15421618285036798,-0.0032627483957559864,-0.07291672235235588,0.01798098754808948
2019-10-23,-0.0005729347230404755,-0.0019014198682171832,-0.0004135939187166,0.04877158155463957,-0.22903432507094104,-0.15462977676908457,-0.001487825949500583,-0.07440454830185647,0.01754332770594695
2019-10-24,-0.0012519611752906563,0.0058920085623322925,0.0059944959986569,0.04751962037934891,-0.22314231650860875,-0.14863528077042767,-0.00010248743632460759,-0.07450703573818107,0.01775598444147931
2019-10-25,-0.0035866805111190374,0.014603180259962448,0.0099450100610279,0.043932939868229874,-0.20853913624864628,-0.13869027070939977,0.004658170198934547,-0.06984886553924652,0.017248170818150298
2019-10-28,0.006890370830587142,-0.00932390342939633,-0.0085725913683219,0.050823310698817015,-0.2178630396780426,-0.14726286207772166,-0.0007513120610744307,-0.07060017760032095,0.017601818149200664
2019-10-29,0.004729155360151003,-0.009598108259370793,-0.0060336105913678,0.05555246605896802,-0.2274611479374134,-0.15329647266908947,-0.003564497668002993,-0.07416467526832393,0.017993916436393583
2019-10-30,0.006161025462964391,-0.006191113119444933,-0.0048025433788397,0.06171349152193241,-0.23365226105685832,-0.15809901604792917,-0.0013885697406052326,-0.07555324500892915,0.01783659167795258
2019-10-31,-0.0011053877109961404,0.009051852864154919,0.0107465880022442,0.060608103810936266,-0.2246004081927034,-0.14735242804568496,-0.0016947351380892806,-0.07724798014701845,0.017633307043351535
2019-11-01,0.0052622425079461846,0.006515069990822346,0.0059445119481917,0.06587034631888244,-0.21808533820188106,-0.14140791609749326,0.0005705580426306461,-0.0766774221043878,0.017727564140398437
2019-11-04,0.002787965029294253,0.00344892454661384,0.0053922270624829,0.0686583113481767,-0.21463641365526723,-0.13601568903501035,-0.0019433025158690602,-0.07862072462025688,0.017177970001382024
2019-11-05,0.0034341304096688853,-0.0068503443960517794,-0.0052159015843481,0.07209244175784559,-0.221486758051319,-0.14123159061935844,-0.0016344428117036798,-0.08025516743196057,0.0171965405059358
2019-11-06,0.0008597846680883648,0.005903780132650771,0.0021234738642791,0.07295222642593395,-0.21558297791866823,-0.13910811675507934,0.0037803062683716714,-0.0764748611635889,0.017049900420881062
2019-11-07,0.0015631589619172625,-0.0018319207636075632,-0.0045939467804841,0.07451538538785121,-0.2174148986822758,-0.14370206353556345,0.0027620260168765365,-0.07371283514671234,0.0169796157719762
2019-11-08,0.0014020601435278948,-0.024317507480274274,-0.0197335825760163,0.07591744553137911,-0.24173240616255007,-0.16343564611157974,-0.004583924904257974,-0.07829676005097033,0.01748588412226446
2019-11-11,-0.0013862013808078342,0.0022765258464346083,0.0015200640762116,0.07453124415057127,-0.23945588031611545,-0.16191558203536813,0.0007564617702230084,-0.07754029828074732,0.017136986368423902
2019-11-12,0.0022752935223775794,-0.0012652941471051156,-0.002612353346803,0.07680653767294886,-0.24072117446322056,-0.16452793538217111,0.0013470591996978844,-0.07619323908104944,0.01751629619216397
2019-11-13,-0.0008886507918950097,0.004889946396648231,0.0024455100954825,0.07591788688105384,-0.23583122806657233,-0.16208242528668862,0.0024444363011657307,-0.07374880277988372,0.017063203384364376
2019-11-14,0.001269483751844782,-0.011417495814821278,-0.0077885634027354,0.07718737063289863,-0.2472487238813936,-0.16987098868942402,-0.003628932412085878,-0.07737773519196958,0.016910689670602393
2019-11-15,0.0007047310230272876,0.007186537375243522,0.0063820170244894,0.07789210165592592,-0.24006218650615008,-0.16348897166493462,0.0008045203507541215,-0.07657321484121546,0.016877439617973174
2019-11-18,-0.0006201317041828184,0.01644577378307829,0.0112394574087703,0.0772719699517431,-0.22361641272307178,-0.15224951425616431,0.00520631637430799,-0.07136689846690747,0.01786532756161925
2019-11-19,-0.00038821568657553207,-0.005593639571972269,-0.0079439541999695,0.07688375426516757,-0.22921005229504404,-0.1601934684561338,0.0023503146279972315,-0.06901658383891024,0.016673459199615624
2019-11-20,-0.0041673283833606545,-0.003009611568634067,-0.0027978829685693,0.0727164258818069,-0.23221966386367812,-0.1629913514247031,-0.00021172860006476698,-0.06922831243897501,0.016616753862271055
2019-11-21,-0.0046277352445081845,-0.012750908597230435,-0.0093177854849555,0.06808869063729872,-0.24497057246090856,-0.1723091369096586,-0.0034331231122749356,-0.07266143555124996,0.016894539569953366
2019-11-22,-0.0002524567220842615,-0.004043268943961061,0.0037868899582502,0.06783623391521446,-0.24901384140486962,-0.1685222469514084,-0.00783015890221126,-0.08049159445346121,0.017355424026220274
2019-11-25,0.002311064047143083,0.0009365707334471928,0.0014051761976877,0.07014729796235754,-0.24807727067142243,-0.1671170707537207,-0.0004686054642405071,-0.08096019991770173,0.018236165663984387
2019-11-26,8.696516906147168e-05,-0.002013658654463803,-0.0018954533575236,0.070234263131419,-0.2500909293258862,-0.16901252411124432,-0.00011820529694020281,-0.08107840521464191,0.018762677281165093
2019-11-27,-0.0003560332125621954,-0.0035574851235205835,-0.004066299379376,0.06987822991885681,-0.25364841444940683,-0.17307882349062031,0.0005088142558554165,-0.08056959095878652,0.018327833913554695
2019-11-28,-0.004504803616693379,-0.003226484606134516,-0.0051875343012178,0.06537342630216343,-0.25687489905554134,-0.1782663577918381,0.0019610496950832846,-0.07860854126370323,0.01896177844141878
2019-11-29,-0.0005443400490522703,0.0012086627884365462,0.0018803461471114,0.06482908625311117,-0.2556662362671048,-0.1763860116447267,-0.0006716833586748539,-0.07928022462237808,0.019330873996790527
2019-12-02,-0.0031234584785688603,0.0038853302454377103,0.0034864077380021,0.061705627774542304,-0.2517809060216671,-0.1728996039067246,0.00039892250743561036,-0.07888130211494249,0.018921855191000033
2019-12-03,-0.00044119944612796864,0.0013555578182949674,-0.0009298270846921,0.06126442832841433,-0.2504253482033721,-0.1738294309914167,0.0022853849029870676,-0.07659591721195538,0.01901756927413597
2019-12-04,0.0016557534328382707,0.010971211776795132,0.0083885061706709,0.06292018176125261,-0.23945413642657695,-0.1654409248207458,0.0025827056061242318,-0.07401321160583116,0.0192202644430846
2019-12-05,0.0013879742810363744,0.00755363462649404,0.005270032783897,0.06430815604228898,-0.23190050180008293,-0.16017089203684878,0.0022836018425970396,-0.07172960976323414,0.018414334395267087
2019-12-06,-0.0010464127881410705,0.0012791884727432151,7.037958078877636e-05,0.0632617432541479,-0.2306213133273397,-0.16010051245606,0.0012088088919544387,-0.07052080087127971,0.018329087126340494
2019-12-09,-0.0015212782164001704,0.0037650986915568167,0.0015704567154547,0.06174046503774774,-0.2268562146357829,-0.1585300557406053,0.0021946419761021164,-0.0683261588951776,0.018135011960912904
2019-12-10,-0.00025980680309800396,-0.0023803461051172315,0.000162882249033,0.06148065823464973,-0.22923656074090012,-0.1583671734915723,-0.0025432283541502315,-0.07086938724932781,0.018738070787084653
2019-12-11,0.0033070745996392017,-0.0010701873775490868,-0.0023316226983488,0.06478773283428893,-0.2303067481184492,-0.1606987961899211,0.0012614353207997132,-0.06960795192852809,0.01872631802622138
2019-12-12,0.0014864520933562273,0.012492815661370017,0.016691756377315,0.06627418492764516,-0.2178139324570792,-0.1440070398126061,-0.004198940715944984,-0.0738068926444731,0.018300556468032532
2019-12-13,-0.0020889884138461986,0.013870280306504515,0.0081030303960373,0.06418519651379896,-0.2039436521505747,-0.1359040094165688,0.005767249910467214,-0.0680396427340059,0.01899715233867925
2019-12-16,-0.002980631253235025,0.010213625990518192,0.01244994985073,0.061204565260563934,-0.1937300261600565,-0.1234540595658388,-0.002236323860211808,-0.0702759665942177,0.01884888919240941
2019-12-17,-0.002584895268908663,-0.0007449994739855911,-0.0010819306794697,0.05861966999165527,-0.1944750256340421,-0.1245359902453085,0.00033693120548410884,-0.0699390353887336,0.01864697312289478
2019-12-18,-0.004044084918264287,0.003315713380666807,0.0008162748866563,0.054575585073390984,-0.1911593122533753,-0.1237197153586522,0.002499438494010507,-0.06743959689472309,0.017946106252148496
2019-12-19,0.001522864587655423,-0.008361062289448759,-0.005296488944981,0.05609844966104641,-0.19952037454282406,-0.1290162043036332,-0.003064573344467759,-0.07050417023919087,0.017118622725413535
2019-12-20,0.006887571751983223,-0.016890566345919553,-0.0161841024061907,0.06298602141302963,-0.21641094088874363,-0.1452003067098239,-0.0007064639397288512,-0.07121063417891974,0.016649500840648257
2019-12-23,-0.0013071698199699155,0.013937778628449743,0.0088647141414445,0.06167885159305971,-0.20247316226029388,-0.1363355925683794,0.005073064487005244,-0.06613756969191448,0.016647519601682904
2019-12-24,0.0019673678354669194,0.004055573156665249,0.0011317226346504,0.06364621942852663,-0.19841758910362864,-0.13520386993372902,0.0029238505220148493,-0.06321371916989962,0.01645238276866826
2019-12-25,8.765757412997673e-05,0.007105937790531736,0.0078961686844507,0.0637338770026566,-0.1913116513130969,-0.12730770124927832,-0.0007902308939189634,-0.0640039500638186,0.01662046294564175
2019-12-26,0.0003180730372730327,-0.005473728303134143,-0.0029584728227726,0.06405195003992964,-0.19678537961623105,-0.1302661740720509,-0.0025152554803615436,-0.06651920554418014,0.01681289882972807
2019-12-27,0.005298570125368331,0.009728644434092264,0.0107264979851306,0.06935052016529797,-0.18705673518213878,-0.1195396760869203,-0.0009978535510383364,-0.06751705909521848,0.01678894070477931
2019-12-30,1.1779207227811246e-05,0.005988359086398778,0.0037023879040898,0.06936229937252578,-0.18106837609574,-0.1158372881828305,0.002285971182308978,-0.0652310879129095,0.01659172027773848
2019-12-31,-0.0036596864752428027,0.014506502454426196,0.0141089223778344,0.06570261289728298,-0.1665618736413138,-0.1017283658049961,0.0003975800765917952,-0.06483350783631771,0.016307790885889684
2020-01-02,-0.002843400101327237,0.002249572868109654,0.0005281169580906,0.06285921279595574,-0.16431230077320416,-0.1012002488469055,0.001721455910019054,-0.06311205192629867,0.016054656263861107
2020-01-03,-0.0019982243464674275,0.004833525090582227,0.0008530390358916,0.06086098844948831,-0.15947877568262195,-0.1003472098110139,0.003980486054690626,-0.05913156587160805,0.015817373345968742
2020-01-06,-0.0004453340801895975,0.012329983629455248,0.008604261163525,0.060415654369298716,-0.1471487920531667,-0.0917429486474889,0.0037257224659302483,-0.05540584340567779,0.016096740411352298
2020-01-07,0.002371352713663881,-0.012240918716380547,-0.0127284533793475,0.0627870070829626,-0.15938971076954725,-0.1044714020268364,0.00048753466296695344,-0.05491830874271085,0.016948645176132888
2020-01-08,-0.00020768914051682498,0.014937382191932056,0.0115453480801819,0.06257931794244577,-0.1444523285776152,-0.0929260539466545,0.0033920341117501564,-0.0515262746309607,0.017300381445178238
2020-01-09,0.0038066083989433826,0.00036788674958489415,-0.001201646950036,0.06638592634138915,-0.1440844418280303,-0.0941277008966905,0.0015695336996208941,-0.049956740931339796,0.017621826671776582
2020-01-10,0.005027590628221022,0.012944035668838253,0.009672831734877,0.07141351696961018,-0.13114040615919204,-0.0844548691618135,0.003271203933961254,-0.04668553699737854,0.0174424348516969
2020-01-13,-0.001573961547441184,-0.002375649361232786,-0.0027524131272164,0.06983955542216899,-0.1335160555204248,-0.0872072822890299,0.0003767637659836142,-0.046308773231394915,0.017794570067422757
2020-01-14,0.005550136080657773,-0.0009682927918238769,-0.0045419134662777,0.07538969150282676,-0.13448434831224867,-0.0917491957553076,0.0035736206744538235,-0.042735152556941075,0.018748166344063923
2020-01-15,0.004318222615522365,-0.0011223358828503867,-0.0040321188228656,0.07970791411834913,-0.13560668419509905,-0.0957813145781732,0.002909782940015213,-0.03982536961692586,0.018557866286945574
2020-01-16,0.005302137197292522,-0.0001393438358335775,-0.0008735779147625,0.08501005131564165,-0.13574602803093264,-0.0966548924929357,0.0007342340789289225,-0.03909113553799694,0.01847772747305341
2020-01-17,-0.0010420676968435768,0.009355951866464068,0.0088877801631541,0.08396798361879808,-0.12639007616446857,-0.0877671123297816,0.00046817170330996916,-0.03862296383468697,0.019382780727584762
2020-01-20,-0.0029320179041021485,-0.011320249214235861,-0.0140681450135861,0.08103596571469593,-0.13771032537870442,-0.1018352573433677,0.002747895799350239,-0.03587506803533673,0.019081989132071858
2020-01-21,0.00313191628650567,0.000918956279120035,0.0042237011755403,0.0841678820012016,-0.1367913690995844,-0.09761155616782739,-0.003304744896420265,-0.039179812931757,0.018982332433936905
2020-01-22,-0.0009665693949531004,-0.03450145083811177,-0.0303530414876742,0.0832013126062485,-0.17129281993769616,-0.12796459765550158,-0.00414840935043757,-0.04332822228219457,0.018602111762900803
2020-01-23,0.00177836114715672,-0.08824769633794105,-0.0839558783078966,0.08497967375340522,-0.25954051627563723,-0.2119204759633982,-0.004291818030044456,-0.04762004031223904,0.01837047630581636
2020-02-03,0.013113405372832537,0.006462750692827988,0.0159934800058524,0.09809307912623776,-0.25307776558280926,-0.19592699595754579,-0.00953072931302441,-0.05715076962526347,0.018319605949448585
2020-02-04,-0.007867004341220075,0.022338987449068877,0.0160983575078041,0.09022607478501768,-0.23073877813374039,-0.17982863844974167,0.0062406299412647755,-0.05091013968399871,0.017565720118320766
2020-02-05,-0.0006225953243998774,0.026264187901671194,0.0204170640748076,0.08960347946061781,-0.20447459023206918,-0.15941157437493408,0.005847123826863594,-0.0450630158571351,0.017609399864095845
2020-02-06,-0.0015844703164365208,0.007916170687596244,0.0024705892104518,0.08801900914418129,-0.19655841954447295,-0.1569409851644823,0.005445581477144443,-0.03961743437999066,0.017177499624978568
2020-02-07,2.437170031591556e-06,0.01121263349390411,0.0069441085832506,0.08802144631421288,-0.18534578605056884,-0.1499968765812317,0.00426852491065351,-0.035348909469337136,0.01717989531293213
2020-02-10,0.0066381047699892535,-0.0008743990235785124,0.0028346658585614,0.09465955108420214,-0.18622018507414737,-0.1471622107226703,-0.0037090648821399125,-0.039057974351477065,0.016603326262365038
2020-02-11,-0.0016328198267745201,0.014070365898740556,0.010742225376879,0.09302673125742762,-0.1721498191754068,-0.1364199853457913,0.003328140521861556,-0.035729833829615504,0.016746595046776024
2020-02-12,0.0013286978789317416,-0.009003990229086703,-0.0076362976080673,0.09435542913635936,-0.18115380940449352,-0.1440562829538586,-0.0013676926210194028,-0.03709752645063491,0.01691639051616978
2020-02-13,0.003059594114514664,0.002555211457686823,0.0040491099584296,0.09741502325087402,-0.1785985979468067,-0.140007172995429,-0.0014938985007427771,-0.038591424951377684,0.01892525666648459
2020-02-14,-0.002414464004813879,0.03068341672455343,0.0255971865209158,0.09500055924606014,-0.14791518122225325,-0.1144099864745132,0.005086230203637628,-0.03350519474774005,0.018658046369240303
2020-02-17,-0.004651911253971943,0.01262979304912269,0.0032635524603278,0.0903486479920882,-0.13528538817313057,-0.11114643401418539,0.009366240588794891,-0.02413895415894518,0.019140266578806357
2020-02-18,0.002599092506207082,-0.005141790517693746,-0.0039196365553527,0.09294774049829528,-0.14042717869082433,-0.11506607056953809,-0.0012221539623410455,-0.025361108121286238,0.020432772700864677
2020-02-19,-0.0017751237958485559,0.017506152823049712,0.0189919389258269,0.09117261670244672,-0.12292102586777462,-0.09607413164371119,-0.001485786102777189,-0.02684689422406343,0.021317049187826117
2020-02-20,-0.002442017933697167,0.009640142388757563,0.0058669525660862,0.08873059876874956,-0.11328088347901706,-0.09020717907762499,0.003773189822671363,-0.023073704401392073,0.020647815889296105
2020-02-21,-0.004769123519435121,0.00875681045440905,0.0027883306733683,0.08396147524931444,-0.104524073024608,-0.08741884840425669,0.005968479781040751,-0.017105224620351314,0.020672966064972546
2020-02-24,-0.004984432503112104,-0.0039502399487801884,-0.0020408841747316,0.07897704274620233,-0.10847431297338819,-0.08945973257898829,-0.0019093557740485884,-0.019014580394399905,0.020511085513857268
2020-02-25,-0.009600179641269784,-0.02286749473148843,-0.0161072019505644,0.06937686310493255,-0.13134180770487663,-0.10556693452955268,-0.006760292780924031,-0.025774873175323954,0.021626782033852893
2020-02-26,0.006860701037184575,0.006722437354990556,0.0012654558024666,0.07623756414211712,-0.12461937034988607,-0.10430147872708607,0.005456981552523957,-0.020317891622799997,0.022406186360928664
2020-02-27,0.0029389298324753355,-0.050961997197309136,-0.042878230349035,0.07917649397459245,-0.17558136754719522,-0.14717970907612107,-0.008083766848274138,-0.028401658471074148,0.02165069011215481
2020-02-28,-0.00040274556603689914,0.03671988142706791,0.0326540196864701,0.07877374840855556,-0.1388614861201273,-0.11452568938965096,0.004065861740597809,-0.02433579673047634,0.02172771028649536
2020-03-02,0.0005674398774343716,0.012077058449818571,0.0079341283746392,0.07934118828598993,-0.12678442767030873,-0.10659156101501177,0.004142930075179371,-0.02019286665529696,0.021979878910774894
2020-03-03,-0.0008067235347034876,0.006969372980018484,0.0046872456591321,0.07853446475128645,-0.11981505469029025,-0.10190431535587967,0.0022821273208863836,-0.017910739334410578,0.021908070720160128
2020-03-04,-0.003077227657336953,0.01675348157664454,0.0183925052447381,0.0754572370939495,-0.10306157311364571,-0.08351181011114156,-0.001639023668093563,-0.019549763002504147,0.021292473981286614
2020-03-05,-0.005255881162732359,-0.005672053188641933,-0.0106966966451653,0.07020135593121714,-0.10873362630228764,-0.09420850675630686,0.005024643456523367,-0.014525119545980777,0.02188058611632953
2020-03-06,-0.006534589757014621,-0.03765777713856059,-0.0338423358937558,0.06366676617420251,-0.14639140344084822,-0.12805084265006267,-0.0038154412448047903,-0.018340560790785554,0.022025915241831413
2020-03-09,0.0028962506752943525,0.021656354571153766,0.0197244308219401,0.06656301684949686,-0.12473504886969446,-0.10832641182812257,0.0019319237492136654,-0.01640863704157189,0.021596106607469023
2020-03-10,-0.0020363033273498045,-0.009904951524063076,-0.0121267082218645,0.06452671352214706,-0.13464000039375754,-0.12045312004998707,0.0022217566978014244,-0.01418688034377047,0.022078807307083136
2020-03-11,-0.004068594482916764,-0.022346078204175206,-0.0183227391261787,0.0604581190392303,-0.15698607859793273,-0.13877585917616578,-0.004023339077996506,-0.018210219421766954,0.022360935165799907
2020-03-12,-0.002580145704239084,-0.01498458462880528,-0.0124470998769432,0.057877973334991215,-0.171970663226738,-0.15122295905310898,-0.002537484751862081,-0.020747704173629034,0.022419669961908292
2020-03-13,-0.008485827255257835,-0.04525391238848895,-0.0402289446853721,0.04939214607973338,-0.21722457561522696,-0.1914519037384811,-0.005024967703116848,-0.025772671876745867,0.022362738347572516
2020-03-16,0.0006733182238432,-0.004914982778599149,-0.0039700251080639,0.05006546430357658,-0.2221395583938261,-0.195421928846545,-0.0009449576705352486,-0.026717629547281102,0.022542577374148807
2020-03-17,0.003975080274983702,-0.0145037987824748,-0.0177431000208123,0.05404054457856028,-0.2366433571763009,-0.2131650288673573,0.0032393012383375008,-0.023478328308943586,0.022752282912009123
2020-03-18,-0.003759236649405249,0.0026003258103500034,-0.0066889039237193,0.05028130792915503,-0.2340430313659509,-0.2198539327910766,0.009289229734069303,-0.014189098574874298,0.025335005849125534
2020-03-19,0.004347941198158978,0.01724755165452785,0.014853480264456,0.054629249127314004,-0.21679547971142304,-0.2050004525266206,0.002394071390071849,-0.011795027184802437,0.025915755997554402
2020-03-20,0.00555291534919383,-0.03591565585576633,-0.0361721857778314,0.060182164476507836,-0.2527111355671894,-0.24117263830445201,0.00025652992206506853,-0.011538497262737368,0.02555098043856613
2020-03-23,0.0025551854943297965,0.021556602617972202,0.0228684121432588,0.06273734997083763,-0.23115453294921717,-0.21830422616119322,-0.001311809525286596,-0.012850306788023957,0.02494851456107198
2020-03-24,-0.0022763682372696327,0.023081805616735333,0.0237322544956723,0.060460981733567995,-0.20807272733248183,-0.19457197166552093,-0.0006504488789369663,-0.013500755666960906,0.024881628752921322
2020-03-25,0.0036554932734900523,-0.006105105482880338,-0.0067522252258938,0.06411647500705804,-0.21417783281536218,-0.20132419689141473,0.0006471197430134622,-0.012853635923947448,0.025424710081746005
2020-03-26,0.004786714780616428,-0.0017788329801052146,1.0218537799160396e-07,0.06890318978767447,-0.2159566657954674,-0.20132409470603674,-0.0017789351654832063,-0.014632571089430668,0.023627654036766088
2020-03-27,-0.0002740171426944493,-0.020799144388405938,-0.0133877613633994,0.06862917264498002,-0.23675581018387334,-0.21471185606943613,-0.007411383025006537,-0.022043954114437214,0.02445546160950168
2020-03-30,0.00751503384758486,0.0075822491791060365,0.0013719347824401,0.07614420649256487,-0.2291735610047673,-0.21333992128699603,0.006210314396665937,-0.01583363971777127,0.024868245077642837
2020-03-31,-0.0006637641742595818,-0.006230993441430199,-0.0047342997377456,0.0754804423183053,-0.23540455444619748,-0.21807422102474164,-0.0014966937036845988,-0.017330333421455846,0.024428048895757268
2020-04-01,-0.00010032656708238971,0.021753763357240403,0.0181788253505769,0.0753801157512229,-0.21365079108895707,-0.19989539567416473,0.003574938006663503,-0.013755395414792343,0.021627577938411375
2020-04-02,0.0023489684196522035,-0.0021965683591707555,-0.0057986250850124,0.07772908417087511,-0.21584735944812783,-0.20569402075917712,0.0036020567258416443,-0.010153338688950714,0.021621260873019025
2020-04-03,-0.006441291198011075,0.027052788662048594,0.023881049438286,0.07128779297286403,-0.18879457078607922,-0.1818129713208911,0.003171739223762595,-0.006981599465188115,0.021242796199496768
2020-04-07,-0.003648685318066635,0.0007774121900951348,-0.0024812230972173,0.06763910765479739,-0.18801715859598409,-0.1842941944181084,0.003258635287312435,-0.0037229641778756817,0.021502911152738717
2020-04-08,-0.0006516490460755576,0.008119626433199677,0.0052466878705998,0.06698745860872182,-0.1798975321627844,-0.17904750654750862,0.0028729385625998775,-0.000850025615275779,0.0202024627791303
2020-04-09,0.007459298421677961,-0.019491476041880278,-0.0134743440265424,0.07444675703039978,-0.19938900820466468,-0.19252185057405102,-0.006017132015337878,-0.006867157630613657,0.019972155661185733
2020-04-10,0.002138033802546891,-0.007638095637994139,-0.0061779523012691,0.07658479083294667,-0.20702710384265882,-0.19869980287532013,-0.001460143336725039,-0.008327300967338691,0.02125531042859759
2020-04-13,-0.000540998754671956,0.017969382531001818,0.0177158399200975,0.07604379207827472,-0.189057721311657,-0.18098396295522262,0.00025354261090431915,-0.008073758356434368,0.021654564260881328
2020-04-14,0.0001859385330264464,-0.0046176753168425885,-0.005543502951199,0.07622973061130117,-0.19367539662849959,-0.1865274659064216,0.0009258276343564117,-0.0071479307220779775,0.021722338191387667
2020-04-15,0.002110075034870174,0.005264122734676699,0.0034079593155521,0.07833980564617135,-0.1884112738938229,-0.1831195065908695,0.0018561634191245993,-0.005291767302953387,0.021223025682130105
2020-04-16,0.005745424061691342,0.0032744631274483436,0.0053984703634555,0.0840852297078627,-0.18513681076637456,-0.177721036227414,-0.0021240072360071563,-0.007415774538960557,0.022986971776139252
2020-04-17,0.0020802107345257465,0.011506607493924069,0.0064635519200679,0.08616544044238844,-0.1736302032724505,-0.1712574843073461,0.005043055573856169,-0.002372718965104381,0.021389205362447684
2020-04-20,-0.0028475298183412673,-0.007290511466570347,-0.0090994553758659,0.08331791062404717,-0.18092071473902083,-0.180356939683212,0.0018089439092955533,-0.0005637750558088184,0.02246785760695586
2020-04-21,0.00023798485096298438,0.009988912961874765,0.0070704598178536,0.08355589547501016,-0.17093180177714606,-0.17328647986535842,0.0029184531440211645,0.002354678088212353,0.022758368740809016
2020-04-22,0.0020790817446295555,-0.002315438242061508,-0.0034633701977576,0.08563497721963971,-0.17324724001920758,-0.17674985006311603,0.0011479319556960922,0.0035026100439084495,0.022691146938220063
2020-04-23,0.007893391741266196,-0.014071472335167754,-0.0122148355639546,0.09352836896090591,-0.18731871235437533,-0.18896468562707064,-0.0018566367712131542,0.0016459732726953058,0.022662612585701077
2020-04-24,0.009321862587980666,-0.0005160448622721155,0.0015690421279923,0.10285023154888658,-0.18783475721664744,-0.18739564349907833,-0.0020850869902644155,-0.0004391137175691062,0.022747957297510567
2020-04-27,0.008915895325101906,-0.009782861449434849,-0.0021140433970566,0.11176612687398849,-0.1976176186660823,-0.18950968689613493,-0.007668818052378248,-0.008107931769947369,0.023026331577255275
2020-04-28,0.007007465121180434,0.0006209802185411377,0.002491824796535,0.11877359199516892,-0.19699663844754114,-0.18701786209959992,-0.0018708445779938624,-0.009978776347941226,0.02210355047649499
2020-04-29,-0.005437528605458455,0.015300961025606467,0.0135705587200531,0.11333606338971046,-0.18169567742193468,-0.1734473033795468,0.0017304023055533663,-0.008248374042387874,0.021170855679677258
2020-04-30,-0.0010607399379114703,0.01663172401376066,0.0085589324224699,0.11227532345179898,-0.16506395340817404,-0.1648883709570769,0.00807279159129076,-0.00017558245109713932,0.02075802047126483
2020-05-06,0.0021818958933273822,-0.00016651560206528023,-0.0024282335307417,0.11445721934512637,-0.16523046901023933,-0.1673166044878186,0.0022617179286764195,0.0020861354775792706,0.021371427594153076
2020-05-07,0.001043352716350344,0.010681764847818345,0.0096067759488172,0.11550057206147671,-0.15454870416242097,-0.1577098285390014,0.001074988899001145,0.003161124376580421,0.02152533420947917
2020-05-08,0.0018484492253460797,-0.0001624988679154766,-0.0008699509326946,0.11734902128682279,-0.15471120303033645,-0.158579779471696,0.0007074520647791234,0.0038685764413595447,0.022088431064835923
2020-05-11,0.0023808458178299933,0.002120821927150357,-4.566821453865287e-05,0.11972986710465278,-0.1525903811031861,-0.15862544768623466,0.00216649014168901,0.0060350665830485595,0.022245067044755727
2020-05-12,0.0011270992909800505,0.00692206854497615,0.003258976791462,0.12085696639563283,-0.14566831255820994,-0.15536647089477265,0.00366309175351415,0.009698158336562707,0.02221939630347338
2020-05-13,0.0017794405011499815,-0.008224821716841555,-0.0100008595924806,0.1226364068967828,-0.1538931342750515,-0.16536733048725324,0.001776037875639045,0.011474196212201748,0.02244839672511192
2020-05-14,-0.0010614373763305647,0.0016868496944191858,8.691489085119892e-05,0.12157496952045224,-0.15220628458063232,-0.16528041559640205,0.0015999348035679868,0.013074131015769735,0.02259443672212578
2020-05-15,0.009056137160498481,0.0018406334842902378,-0.0005423291250112,0.13063110668095074,-0.1503656510963421,-0.16582274472141326,0.002382962609301438,0.015457093625071167,0.023668442215680353
2020-05-18,0.0023644585317779453,0.011595183228489788,0.0094467684863002,0.13299556521272868,-0.1387704678678523,-0.15637597623511307,0.002148414742189589,0.01760550836726077,0.02493882172511276
2020-05-19,-0.0005851404766310443,-0.01015722096412638,-0.0068560211777389,0.13241042473609763,-0.14892768883197868,-0.16323199741285196,-0.003301199786387479,0.014304308580873282,0.02548339336757724
2020-05-20,0.004829479489315734,-0.007764480271141225,-0.0071875798934186,0.13723990422541335,-0.1566921691031199,-0.17041957730627055,-0.0005769003777226249,0.01372740820315066,0.026025256021479096
2020-05-21,-0.0006153811959910116,-0.018614658757436967,-0.0201658582114483,0.13662452302942235,-0.17530682786055685,-0.19058543551771887,0.001551199454011335,0.015278607657162019,0.027628583290627645
2020-05-22,0.001304822166322776,0.0002816479958029828,0.0001333874940177,0.13792934519574512,-0.17502517986475385,-0.19045204802370116,0.00014826050178528283,0.01542686815894731,0.028364795175492546
2020-05-25,0.00035510271834413503,0.020448820454651854,0.0139627606488795,0.13828444791408925,-0.154576359410102,-0.17648928737482167,0.006486059805772354,0.021912927964719664,0.030534993842382688
2020-05-26,0.0019534414278750524,-0.0035460741254090045,-0.0055514475072795,0.1402378893419643,-0.158122433535511,-0.18204073488210118,0.0020053733818704953,0.023918301346590176,0.03043045167747003
2020-05-27,0.0004164795338246,-0.003382844466850797,0.0009344688187977,0.1406543688757889,-0.1615052780023618,-0.1811062660633035,-0.004317313285648497,0.019600988060941682,0.02838167048117932
2020-05-28,0.0007596033380968454,0.008610435569208475,0.0037428728461228,0.14141397221388574,-0.15289484243315332,-0.1773633932171807,0.004867562723085675,0.024468550784027376,0.0289683842355119
2020-05-29,-0.002828230361940462,0.025883791624149697,0.0249387751073335,0.13858574185194528,-0.12701105080900363,-0.1524246181098472,0.0009450165168161974,0.02541356730084357,0.027476565472653352
2020-06-01,-0.003726475961122091,0.0001286925899505847,0.0015383290245091,0.1348592658908232,-0.12688235821905305,-0.1508862890853381,-0.0014096364345585154,0.02400393086628505,0.027276830827146582
2020-06-02,-0.0042346442984868594,-0.00174550812382454,0.0004080395253509,0.13062462159233634,-0.1286278663428776,-0.1504782495599872,-0.00215354764917544,0.02185038321710961,0.024904542443439023
2020-06-03,0.00038335124691657446,0.0030754923295400333,-0.0024726078448142,0.13100797283925292,-0.12555237401333758,-0.1529508574048014,0.005548100174354233,0.027398483391463835,0.02564689395417066
2020-06-04,0.0016187051400706177,0.0012312551608925975,0.0028816830760984,0.13262667797932354,-0.12432111885244498,-0.150069174328703,-0.0016504279152058025,0.025748055476258025,0.025232471437472887
2020-06-05,0.0032713410545050165,-0.0003311392405454999,0.0013330024270189,0.13589801903382856,-0.12465225809299048,-0.14873617190168412,-0.0016641416675644,0.02408391380869364,0.02463211043561886
2020-06-08,0.0029224405925302515,0.007350955089260978,0.0044838593004826,0.1388204596263588,-0.1173013030037295,-0.14425231260120153,0.0028670957887783777,0.026951009597472028,0.025608277832488858
2020-06-09,0.0025013851423850712,-0.00017347248909252243,-0.0010254715430503,0.14132184476874388,-0.11747477549282202,-0.14527778414425183,0.0008519990539577777,0.027803008651429803,0.026262275185068937
2020-06-10,-0.0022346216149733665,-0.005131672333873972,-0.0073178375061998,0.1390872231537705,-0.122606447826696,-0.15259562165045162,0.0021861651723258275,0.029989173823755627,0.025817808624711724
2020-06-11,-0.0006248826818852288,0.00030032296320913805,0.0003715317452956,0.13846234047188527,-0.12230612486348685,-0.152224089905156,-7.120878208646196e-05,0.02991796504166916,0.025849981697151674
2020-06-12,-0.007010903084312534,-0.0037145841267941402,-0.0071603239099464,0.13145143738757273,-0.126020708990281,-0.1593844138151024,0.00344573978315226,0.0333637048248214,0.025720855309428563
2020-06-15,0.007347248508232011,0.0196417301604834,0.0151095376815319,0.13879868589580474,-0.1063789788297976,-0.1442748761335705,0.004532192478951501,0.03789589730377291,0.027903306147154736
2020-06-16,0.0027484736491227924,0.004855024861039391,0.0003703599592386,0.14154715954492753,-0.10152395396875821,-0.14390451617433192,0.004484664901800791,0.04238056220557371,0.026588585352464247
2020-06-17,0.00020351336156728672,-0.0007441404691512295,0.0017561534153602,0.14175067290649482,-0.10226809443790945,-0.14214836275897172,-0.0025002938845114296,0.03988026832106227,0.02606656268213903
2020-06-18,0.003372781045097049,0.008439748095567965,0.0102265402392913,0.14512345395159187,-0.09382834634234148,-0.13192182251968043,-0.0017867921437233342,0.03809347617733895,0.026111146215234526
2020-06-19,-0.0023809053258438792,0.0012001822375034775,0.0004032426524724,0.142742548625748,-0.092628164104838,-0.13151857986720802,0.0007969395850310776,0.038890415762370026,0.026296899941405504
2020-06-22,0.0055027440702378905,0.00417499330236839,0.0026409936405696,0.1482452926959859,-0.0884531708024696,-0.12887758622663842,0.0015339996617987901,0.040424415424168816,0.025371814679214347
2020-06-23,0.0010752188076274206,-0.0011787130380098378,0.0027269231976254,0.14932051150361333,-0.08963188384047945,-0.126150663029013,-0.0039056362356352375,0.036518779188533565,0.026572056038479695
2020-06-24,0.0028244911541951685,-0.003581588439048211,-0.005750050956975,0.1521450026578085,-0.09321347227952766,-0.13190071398598802,0.0021684625179267886,0.03868724170646036,0.024565140769666642
2020-06-29,0.0037055876504032844,0.01761262836751705,0.0132322477846155,0.1558505903082118,-0.0756008439120106,-0.11866846620137252,0.00438038058290155,0.04306762228936191,0.02448200589186037
2020-06-30,0.0008958554967985163,0.005357682432871753,0.0113858981107979,0.15674644580501032,-0.07024316147913885,-0.10728256809057461,-0.0060282156779261475,0.03703940661143576,0.02571349318408673
2020-07-01,-0.0027192088054231868,0.010742787432834284,0.0179153673968349,0.15402723699958715,-0.059500374046304566,-0.08936720069373971,-0.0071725799640006156,0.029866826647435146,0.02297617331664828
2020-07-02,-0.003423253569850192,0.008657671642349908,0.017579822388895,0.15060398342973697,-0.05084270240395466,-0.07178737830484472,-0.008922150746545093,0.02094467590089006,0.023818322060817375
2020-07-03,-0.0024964949723448823,0.036219356802190565,0.0502556514778384,0.14810748845739208,-0.014623345601764093,-0.02153172682700632,-0.014036294675647834,0.006908381225242226,0.02446020367300096
2020-07-06,0.003653006791318888,0.013895571773299505,0.0075100856875547,0.15176049524871096,-0.0007277738284645879,-0.014021641139451618,0.006385486085744805,0.01329386731098703,0.024350219241879408
2020-07-07,-0.003634657401925839,0.017759378259680762,0.016917734833174,0.14812583784678512,0.017031604431216173,0.0028960936937223805,0.0008416434265067635,0.014135510737493792,0.02488960665851208
2020-07-08,0.00011665998720488214,0.026441543562354668,0.0165436605978606,0.14824249783399002,0.04347314799357084,0.01943975429158298,0.009897882964494068,0.02403339370198786,0.024505077787171262
2020-07-09,0.005726981882233279,-0.0036318768315843466,-0.0141846510012592,0.1539694797162233,0.03984127116198649,0.0052551032903237795,0.010552774169674855,0.034586167871662715,0.024941289489595238
2020-07-10,-0.002647399358610813,0.029928976306877193,0.0231003569870455,0.1513220803576125,0.06977024746886368,0.02835546027736928,0.006828619319831693,0.0414147871914944,0.026530459892586924
2020-07-13,-0.000692978239852056,-0.006999150442558109,-0.0094116339466495,0.15062910211776043,0.06277109702630557,0.018943826330719782,0.00241248350409139,0.043827270695585785,0.02754685998603298
2020-07-14,0.010637512847716718,-0.017336626988307517,-0.0176028663557813,0.16126661496547715,0.045434470037998054,0.0013409599749384833,0.000266239367473782,0.044093510063059574,0.028340887010375154
2020-07-15,-0.004761606042114284,-0.05240636148700499,-0.0473889669179266,0.15650500892336286,-0.006971891449006937,-0.04604800694298812,-0.00501739456907839,0.039076115493981184,0.028231447769112232
2020-07-16,0.00563437943989645,0.006147869382245081,0.0033779953353041,0.1621393883632593,-0.0008240220667618554,-0.04267001160768402,0.0027698740469409813,0.04184598954092217,0.028383040802639564
2020-07-17,-0.006185508171671786,0.026890584780044028,0.0292532067238604,0.1559538801915875,0.02606656271328217,-0.013416804883823623,-0.002362621943816371,0.039483367597105794,0.026614649046343967
2020-07-20,0.00462396149249495,0.008440499129211153,0.002877312558369,0.16057784168408246,0.034507061842493324,-0.010539492325454623,0.0055631865708421525,0.04504655416794795,0.02781131251477808
2020-07-21,0.0024588472613868055,0.00761413259922363,0.0051504130718668,0.16303668894546927,0.042121194441716955,-0.005389079253587822,0.0024637195273568297,0.04751027369530478,0.02677478306379279
2020-07-22,0.002985511693571289,-0.0004970651552726125,-0.0021116783546214,0.16602220063904055,0.04162412928644434,-0.007500757608209223,0.0016146131993487875,0.049124886894653566,0.026162601195562157
2020-07-23,-0.003606058212397894,-0.046516195032344054,-0.0436565550814571,0.16241614242664265,-0.004892065745899711,-0.05115731268966632,-0.0028596399508869566,0.04626524694376661,0.02510576582460414
2020-07-24,0.00034727755091394576,0.0019323283231172316,0.0019737060522999,0.16276341997755658,-0.0029597374227824796,-0.04918360663736642,-4.137772918266845e-05,0.04622386921458394,0.024652584154097226
2020-07-27,0.0009665724248377527,0.012358735153296553,0.0090677846915971,0.16372999240239433,0.009398997730514074,-0.04011582194576932,0.003290950461699454,0.04951481967628339,0.023720414054290057
2020-07-28,0.0010193092207775609,0.02455544399210446,0.0229610346545453,0.1647493016231719,0.033954441722618536,-0.01715478729122402,0.0015944093375591592,0.05110922901384256,0.023361781469919976
2020-07-29,0.00023593284918282625,-0.0016948468542273304,-0.0039757990384659,0.16498523447235472,0.03225959486839121,-0.021130586329689918,0.00228095218423857,0.05339018119808113,0.023194317710713053
2020-07-30,-0.002568146390796981,0.010137211319968835,0.0086299385402328,0.16241708808155775,0.042396806188360045,-0.012500647789457118,0.001507272779736035,0.05489745397781716,0.024340848965521838
2020-07-31,-0.005199184601072728,0.02369264457423948,0.0191081873751593,0.15721790348048503,0.06608945076259953,0.006607539585702184,0.0045844571990801795,0.05948191117689735,0.023263525334676675
2020-08-03,0.002609390346742613,-0.004353179252883084,-0.0006993424349202,0.15982729382722766,0.06173627150971645,0.005908197150781984,-0.0036538368179628838,0.05582807435893447,0.023182935026048814
2020-08-04,-0.0012106240792357933,0.009063342412020307,0.0030941549579067,0.15861666974799185,0.07079961392173675,0.009002352108688685,0.005969187454113607,0.061797261813048066,0.02234990834206673
2020-08-05,-0.000694598931815439,-0.002904691909407008,-0.0011282237137211,0.1579220708161764,0.06789492201232974,0.007874128394967584,-0.001776468195685908,0.060020793617362164,0.02315191763564063
2020-08-06,0.0014740065716742628,-0.01151365632117784,-0.0114527499179291,0.15939607738785067,0.056381265691151906,-0.0035786215229615167,-6.0906403248739416e-05,0.059959887214113425,0.023083217313252417
2020-08-07,-0.0017148270426574717,0.006359727146314465,0.0052981552650361,0.1576812503451932,0.06274099283746637,0.0017195337420745837,0.0010615718812783644,0.061021459095391785,0.022766756557025897
2020-08-10,0.004344095369311871,-0.016225467194480068,-0.0128639834469926,0.16202534571450508,0.046515525642986305,-0.011144449704918017,-0.003361483747487468,0.05765997534790432,0.02381122646985943
2020-08-11,-0.005238123781233457,-0.013013396079710814,-0.0084572104848865,0.15678722193327163,0.03350212956327549,-0.01960166018980452,-0.004556185594824314,0.05310378975308001,0.023690620075075348
2020-08-12,-0.004552137310473779,0.002363267736848421,-3.1433639010188624e-05,0.15223508462279786,0.035865397300123905,-0.01963309382881471,0.0023947013758586094,0.055498491128938614,0.024987232349909284
2020-08-13,0.007054105325468648,0.013382334283939956,0.0121758014974647,0.15928918994826652,0.04924773158406386,-0.007457292331350009,0.0012065327864752562,0.05670502391541387,0.02460786606683808
2020-08-14,-3.906700380026161e-06,0.01850219872349389,0.0217238937517613,0.1592852832478865,0.06774993030755776,0.014266601420411291,-0.0032216950282674094,0.053483328887146464,0.025598891987829487
2020-08-17,-0.0012140151544652916,0.007425034250900719,0.0031877246635001,0.1580712680934212,0.07517496455845847,0.01745432608391139,0.004237309587400619,0.05772063847454708,0.0247606074583666
2020-08-18,-0.0006355883574398298,-0.01548020020402973,-0.0156012564927147,0.15743567973598138,0.05969476435442874,0.0018530695911966912,0.00012105628868496962,0.057841694763232046,0.02528858101489369
2020-08-19,0.0012946287323422445,-0.011324558805447263,-0.0132436393622217,0.15873030846832362,0.04837020554898148,-0.01139056977102501,0.0019190805567744374,0.05976077532000649,0.024985080664258717
2020-08-20,0.0009021192241546789,0.008277606687228534,0.0072124342468663,0.1596324276924783,0.056647812236210016,-0.004178135524158709,0.0010651724403622342,0.060825947760368725,0.024254071241451
2020-08-21,0.0005713517734951013,0.008178557631666574,0.005522243533459,0.1602037794659734,0.06482636986787658,0.0013441080093002907,0.0026563140982075748,0.06348226185857629,0.0250135436667169
2020-08-24,0.0037108358756224253,0.0010342772583560652,-0.0022147774467674,0.16391461534159582,0.06586064712623264,-0.0008706694374671091,0.003249054705123465,0.06673131656369975,0.024652048936832854
2020-08-25,0.0027167242303376966,-0.018658353274557556,-0.0150693666373763,0.16663133957193352,0.047202293851675084,-0.01594003607484341,-0.0035889866371812563,0.0631423299265185,0.02362076431743147
2020-08-26,-0.0014435730679174768,0.010565442655224416,0.007046657279124,0.16518776650401604,0.0577677365068995,-0.008893378795719411,0.0035187853761004155,0.06666111530261891,0.02335813322838601
2020-08-27,0.0018992664861417448,0.013073495566281094,0.0172594718156923,0.16708703299015779,0.07084123207318059,0.00836609301997289,-0.004185976249411206,0.0624751390532077,0.022802725608890323
2020-08-28,0.0007797075330954849,0.0021635468063069133,-0.0039519696476917,0.16786674052325326,0.0730047788794875,0.004414123372281189,0.0061155164539986135,0.06859065550720632,0.022707810379640408
2020-08-31,0.0019263088568615915,0.00528959224494211,0.0049049425418822,0.16979304938011486,0.07829437112442961,0.009319065914163389,0.0003846497030599097,0.06897530521026622,0.02265254931847117
2020-09-01,-0.0016807535031415706,0.0038652510368812135,0.0001991889314246,0.1681122958769733,0.08215962216131081,0.009518254845587989,0.0036660621054566134,0.07264136731572282,0.0221539561893278
2020-09-02,0.00022509979427813763,-0.008613518922616354,-0.007166976876215,0.16833739567125144,0.07354610323869445,0.0023512779693729887,-0.0014465420464013536,0.07119482526932147,0.022393787504893372
2020-09-03,-0.004402375296438588,-0.005640264808797628,-0.0075746657857056,0.16393502037481286,0.06790583842989682,-0.005223387816332611,0.0019344009769079722,0.07312922624622943,0.02330884562267263
2020-09-04,-0.005302935874934983,-0.01975457164116098,-0.0197086205969941,0.15863208449987787,0.04815126678873584,-0.02493200841332671,-4.5951044166880894e-05,0.07308327520206255,0.023716974044513683
2020-09-07,-0.007358548120365648,0.0022105900720819998,0.0064997166796187,0.1512735363795122,0.05036185686081784,-0.01843229173370801,-0.0042891266075367005,0.06879414859452584,0.024074989688920755
2020-09-08,-0.0010289613388885803,-0.029954050302535035,-0.0234231272227519,0.15024457504062363,0.020407806558282802,-0.04185541895645991,-0.006530923079783136,0.06226322551474271,0.02452410651255509
2020-09-09,0.011608951522235497,-0.022917900100537892,-0.0117809931709669,0.16185352656285912,-0.0025100935422550895,-0.053636412127426814,-0.011136906929570992,0.05112631858517172,0.028090557792661584
2020-09-10,0.0017189164283056917,0.015394824229245627,0.0101610410433864,0.1635724429911648,0.012884730686990538,-0.04347537108404041,0.005233783185859228,0.05636010177103095,0.027846147720604033
2020-09-11,-0.0005950672094090388,0.011474477882730818,0.0068022103793141,0.16297737578175575,0.024359208569721354,-0.036673160704726315,0.004672267503416718,0.06103236927444767,0.028522912328896376
2020-09-14,-0.0021864491581622724,0.003095823217932235,0.0056164670637524,0.16079092662359348,0.02745503178765359,-0.031056693640973916,-0.002520643845820165,0.05851172542862751,0.029200316099914265
2020-09-15,-0.00042254952461856136,-0.009793514537097186,-0.0057131797344979,0.16036837709897492,0.017661517250556404,-0.036769873375471815,-0.004080334802599286,0.05443139062602822,0.02911771385429186
2020-09-16,-0.000770414507728979,-0.0011170765198457902,-0.0024650595650308,0.15959796259124595,0.016544440730710614,-0.03923493294050261,0.0013479830451850097,0.05577937367121323,0.02898189356242235
2020-09-17,-0.001618580654373419,0.012366881289365889,0.0186661803200471,0.15797938193687253,0.028911322020076503,-0.020568752620455513,-0.006299299030681212,0.049480074640532015,0.0294572946437201
2020-09-18,-0.0011578380986011418,-0.004972755327674279,-0.0067429601299436,0.15682154383827138,0.023938566692402224,-0.027311712750399113,0.0017702048022693213,0.05125027944280133,0.028876360747433237
2020-09-21,-0.0017903006693190456,-0.013137069032852229,-0.011983201070702,0.15503124316895234,0.010801497659549995,-0.03929491382110111,-0.0011538679621502287,0.05009641148065111,0.028062892384598217
2020-09-22,-0.002403737103465893,0.005115926165586748,0.0031218884460843,0.15262750606548645,0.015917423825136744,-0.036173025375016814,0.0019940377195024482,0.05209044920015356,0.027902618995576365
2020-09-23,0.0014857215210238581,-0.02429359783457058,-0.0201589407369702,0.1541132275865103,-0.008376174009433836,-0.056331966111987014,-0.004134657097600379,0.04795579210255318,0.02484450426841124
2020-09-24,0.001532726894786322,-0.0031138427983566064,-0.0011728403602328,0.15564595448129662,-0.011490016807790443,-0.05750480647221982,-0.0019410024381238064,0.04601478966442937,0.024307509742031025
2020-09-25,0.005205951469233674,-0.009119620158117181,-0.0026651966944138,0.16085190595053028,-0.020609636965907625,-0.060170003166633616,-0.006454423463703381,0.03956036620072599,0.024700625100357344
2020-09-28,0.0013890019515433246,0.00830605080091652,0.0043687853054387,0.1622409079020736,-0.012303586164991106,-0.055801217861194914,0.003937265495477819,0.04349763169620381,0.02625937965879284
2020-09-29,-0.00012923760868458904,-0.00044751494762472124,-0.0011066391024152,0.16211167029338902,-0.012751101112615827,-0.056907856963610115,0.0006591241547904787,0.04415675585099429,0.028788106459176066
2020-09-30,-0.004943727152920635,0.02494130591270956,0.0208388676993881,0.1571679431404684,0.012190204800093734,-0.036068989264222015,0.004102438213321461,0.04825919406431575,0.03004817627477427
2020-10-09,-0.00230392400789789,0.029701385873756755,0.0281861076235846,0.1548640191325705,0.04189159067385049,-0.007882881640637416,0.0015152782501721557,0.04977447231448791,0.03133040371481703
2020-10-12,-0.0014151515245028894,0.0022599363652966932,0.0022814373391173,0.1534488676080676,0.04415152703914718,-0.005601444301520116,-2.150097382060687e-05,0.0497529713406673,0.03184436830486559
2020-10-13,0.0038565406652422453,-0.005417685944626156,-0.0062692312202641,0.15730540827330985,0.03873384109452103,-0.011870675521784215,0.0008515452756379435,0.050604516616305245,0.030354977550101265
2020-10-14,0.0004120591607686628,-0.0074211704875515325,-0.0035614389754624,0.15771746743407852,0.031312670606969496,-0.015432114497246616,-0.0038597315120891323,0.04674478510421611,0.032320872690531646
2020-10-15,-0.0023087133698477132,-0.0021054593849058555,-0.0002684631751511,0.1554087540642308,0.029207211222063642,-0.015700577672397714,-0.0018369962097547555,0.044907788894461356,0.03379263251818008
2020-10-16,0.0009174060851446158,-0.006739819452807897,-0.00628141890664,0.15632616014937542,0.022467391769255746,-0.021981996579037714,-0.00045840054616789767,0.044449388348293456,0.034295310776195236
2020-10-19,0.0005382212267863888,0.011675054775421185,0.0066450954965493,0.15686438137616182,0.03414244654467693,-0.015336901082488414,0.005029959278871884,0.04947934762716534,0.03262951372040193
2020-10-20,0.0013310569902661505,-0.010823978678024449,-0.0040546104541061,0.15819543836642797,0.02331846786665248,-0.019391511536594512,-0.006769368223918349,0.04270997940324699,0.03236477040456268
2020-10-21,0.0019324415047531245,-0.0033332837658180438,-0.0044491828007925,0.1601278798711811,0.019985184100834438,-0.023840694337387013,0.0011158990349744565,0.04382587843822145,0.03031067986317892
2020-10-22,0.006397733423134848,-0.014204646235421224,-0.0131107058420918,0.16652561329431595,0.005780537865413214,-0.036951400179478816,-0.0010939403933294244,0.04273193804489203,0.029255686096624284
2020-10-23,-0.0071754348228027075,-0.003861184447943471,-0.0035309420049798,0.15935017847151325,0.0019193534174697427,-0.04048234218445862,-0.0003302424429636711,0.042401695601928364,0.028056449943889724
2020-10-26,-0.0024970207697522346,0.00040801609307261226,0.0021035576020925,0.15685315770176103,0.002327369510542355,-0.03837878458236612,-0.0016955415090198875,0.040706154092908474,0.029390972776430546
2020-10-27,0.0026905582050062845,0.0041901025345809145,0.0042141186360345,0.1595437159067673,0.0065174720451232696,-0.03416466594633162,-2.4016101453585084e-05,0.04068213799145489,0.02964988000945579
2020-10-28,-0.003317248967760404,-0.001845122221295414,0.0023313287418328,0.1562264669390069,0.004672349823827856,-0.031833337204498824,-0.004176450963128214,0.03650568702832668,0.027229842606925056
2020-10-29,-0.002013408570355603,-0.02424972950570208,-0.018126305575646,0.15421305836865132,-0.019577379681874223,-0.04995964278014482,-0.00612342393005608,0.0303822630982706,0.025349280557496662
2020-10-30,-0.002281782693194177,9.674633090359859e-05,0.0038611785125495,0.15193127567545714,-0.019480633350970625,-0.04609846426759532,-0.0037644321816459013,0.026617830916624695,0.02699272649895659
2020-11-02,-0.0008321838647636469,0.017574815591405144,0.0132941555613882,0.1510990918106935,-0.0019058177595654806,-0.03280430870620712,0.004280660030016944,0.030898490946641637,0.027555452344863344
2020-11-03,0.0028178150604681353,-0.0014933165367055704,0.0023342427291659,0.15391690687116164,-0.003399134296271051,-0.030470065977041216,-0.00382755926587147,0.027070931680770165,0.026370366559028253
2020-11-04,-0.0007193262488133636,0.016776999530662112,0.0140304499797451,0.15319758062234828,0.013377865234391061,-0.01643961599729612,0.0027465495509170126,0.02981748123168718,0.0261505277171567
2020-11-05,0.0006328578882927275,-0.00837313023970472,-0.0045321189521804,0.15383043851064102,0.0050047349946863405,-0.020971734949476517,-0.0038410112875243204,0.025976469944162858,0.0258729116050339
2020-11-06,-0.007619392287811869,0.020213200073084157,0.0186682803686284,0.14621104622282916,0.025217935067770498,-0.002303454580848116,0.0015449197044557564,0.027521389648618614,0.026341018801417378
2020-11-09,0.004751942078544544,-0.006834733492676074,-0.0064362443573658,0.1509629883013737,0.018383201575094425,-0.008739698938213917,-0.0003984891353102744,0.027122900513308342,0.025795213154778812
2020-11-10,0.006012513871669909,-0.012483687991937513,-0.0101989063988703,0.1569755021730436,0.005899513583156912,-0.01893860533708422,-0.002284781593067213,0.024838118920241133,0.026069110315968747
2020-11-11,-0.002166715684289863,0.0009600423110166517,0.00011176838547,0.15480878648875374,0.006859555894173564,-0.018826836951614218,0.0008482739255466517,0.025686392845787782,0.027064566769508712
2020-11-12,-0.0008500654489661564,-0.0020072662259310666,-0.0072453568614578,0.15395872103978758,0.004852289668242497,-0.026072193813072016,0.005238090635526733,0.03092448348131451,0.028469789864865522
2020-11-13,0.005756735769392082,0.01048717294780502,0.0095061526691529,0.15971545680917967,0.015339462616047517,-0.016566041143919116,0.0009810202786521196,0.03190550375996663,0.027878909102030697
2020-11-16,9.002649861108404e-05,-0.0076574162304808464,-0.0044151776692415,0.15980548330779076,0.00768204638556667,-0.020981218813160618,-0.0032422385612393464,0.02866326519872729,0.027348465415886203
2020-11-17,-0.001331426037170586,-0.00018240449177069984,0.0004796133220536,0.15847405727062017,0.007499641893795971,-0.02050160549110702,-0.0006620178138242998,0.02800124738490299,0.02671854692663509
2020-11-18,-5.2553521428881575e-05,0.0052045184722580235,0.0052847575815448,0.15842150374919128,0.012704160366053995,-0.01521684790956222,-8.023910928677686e-05,0.027921008275616215,0.027973924518619245
2020-11-19,-0.0002479540088758634,0.005111550617032506,0.0044297768121089,0.15817354974031542,0.0178157109830865,-0.010787071097453318,0.0006817738049236062,0.028602782080539818,0.027048751857697104
2020-11-20,0.0002551216024825756,0.003539120611851587,0.0093658338655449,0.158428671342798,0.021354831594938086,-0.0014212372319084184,-0.005826713253693314,0.022776068826846504,0.025655660366523923
2020-11-23,0.001056096160764275,-0.0011972560392792156,-0.003634470409962,0.15948476750356227,0.02015757555565887,-0.005055707641870418,0.0024372143706827844,0.025213283197529288,0.025129791912654832
2020-11-24,0.002506838832613643,-0.013865942090331465,-0.0135101761628753,0.16199160633617593,0.006291633465327405,-0.01856588380474572,-0.0003557659274561649,0.024857517270073126,0.025869191159021275
2020-11-25,0.00350719813608916,-0.0033592802107293485,-3.462519077892706e-05,0.1654988044722651,0.002932353254598056,-0.018600508995524647,-0.0033246550199504217,0.021532862250122704,0.025302143409099753
2020-11-26,0.0011999896625812302,0.0010625146722550547,0.0095939089360324,0.1666987941348463,0.003994867926853111,-0.009006600059492246,-0.008531394263777347,0.013001467986345357,0.025528248759110056
2020-11-27,-0.004331885889581737,-0.0050757373108341365,-0.0038100512127107,0.16236690824526456,-0.0010808693839810257,-0.012816651272202946,-0.0012656860981234367,0.01173578188822192,0.02387598968252574
2020-11-30,0.00022876227271324462,0.013970966701119714,0.0173152095975955,0.1625956705179778,0.012890097317138688,0.004498558325392553,-0.003344242896475785,0.008391538991746135,0.024570018317535924
2020-12-01,-0.00014798836361717385,0.002112210184285901,-0.0005080321585557,0.16244768215436062,0.015002307501424589,0.003990526166836853,0.002620242342841601,0.011011781334587736,0.02493675096084424
2020-12-02,0.00036143782537915276,8.345204383371301e-05,-0.0017438427162611,0.16280911997973976,0.015085759545258301,0.002246683450575753,0.001827294760094813,0.012839076094682548,0.023164603765104468
2020-12-03,-0.00013417169958988736,0.004191331797840876,0.001365418248261,0.1626749482801499,0.019277091343099177,0.003612101698836753,0.002825913549579876,0.015664989644262425,0.023731282953556233
2020-12-04,-0.0016723831214378012,-0.00463201867688296,-0.0074170250244826,0.16100256515871209,0.014645072666216216,-0.0038049233256458466,0.0027850063475996396,0.01844999599186206,0.024483104454221076
2020-12-07,-0.0006141545353461612,-0.001465751260577132,-0.0022377005719433,0.16038841062336592,0.013179321405639084,-0.006042623897589147,0.000771949311366168,0.01922194530322823,0.02494875972196561
2020-12-08,-0.0013166380690467388,-0.018752163827669144,-0.0140101175905886,0.15907177255431917,-0.00557284242203006,-0.020052741488177747,-0.004742046237080544,0.014479899066147687,0.02495763086356333
2020-12-09,-0.001991288694448484,-0.0004130409354421326,-0.0005113409894583,0.1570804838598707,-0.0059858833574721925,-0.020564082477636046,9.830005401616741e-05,0.014578199120163855,0.024857380802737562
2020-12-10,-0.0010882353311487897,-0.01563560764931286,-0.0106886168428733,0.1559922485287219,-0.02162149100678505,-0.03125269932050935,-0.004946990806439559,0.009631208313724299,0.02548236715626113
2020-12-11,-0.0019045612502888096,0.0072832167787926895,0.0069466587030214,0.15408768727843308,-0.014338274227992363,-0.02430604061748795,0.00033655807577128924,0.009967766389495588,0.025805651449803114
2020-12-14,0.0006898901344078431,0.0017863363395002054,0.0004814463842826,0.15477757741284093,-0.012551937888492157,-0.023824594233205352,0.0013048899552176054,0.011272656344713194,0.026194480700560945
2020-12-15,0.0009264200348727851,-0.008804947916215732,-0.0018068635284889,0.1557039974477137,-0.02135688580470789,-0.025631457761694253,-0.006998084387726832,0.004274571956986363,0.026980655215684
2020-12-16,-0.0001366383886712831,0.008006611632679912,0.0101035707937773,0.15556735905904243,-0.013350274172027977,-0.015527886967916953,-0.002096959161097388,0.002177612795888975,0.026913282763184988
2020-12-17,0.0007374092275924086,-0.006069638037597008,-0.0033828802993418,0.15630476828663484,-0.019419912209624985,-0.018910767267258752,-0.0026867577382552075,-0.0005091449423662332,0.026757681288160175
2020-12-18,-0.0008111875137900457,0.010346059667490146,0.0108541993580474,0.15549358077284478,-0.009073852542134839,-0.008056567909211353,-0.0005081396905572532,-0.0010172846329234864,0.02748048130363079
2020-12-21,-0.0005406277314753972,-0.01903410952268299,-0.019547165645279,0.15495295304136938,-0.028107962064817832,-0.02760373355449035,0.0005130561225960076,-0.0005042285103274806,0.026123904173268243
2020-12-22,-0.001592383774320123,0.0015904011422817922,0.0070652215410194,0.15336056926704927,-0.02651756092253604,-0.020538512013470952,-0.005474820398737608,-0.005979048909065088,0.026111766249776146
2020-12-23,0.0033304385279170445,-0.01661632735859471,-0.0074182843526976,0.1566910077949663,-0.04313388828113075,-0.027956796366168553,-0.009198043005897109,-0.0151770919149622,0.02406187838935058
2020-12-24,0.0025209383498106283,0.007670809466597429,0.0085167205020333,0.15921194614477693,-0.035463078814533325,-0.01944007586413525,-0.0008459110354358717,-0.016023002950398074,0.024306059150197117
2020-12-25,-0.00014301149912210873,-0.010176575112637731,-0.0007712924280191,0.15906893464565483,-0.04563965392717106,-0.02021136829215435,-0.00940528268461863,-0.025428285635016708,0.022797241106778027
2020-12-28,0.00401704658756846,0.001406802328865569,-0.0058847881223426,0.1630859812332233,-0.044232851598305485,-0.02609615641449695,0.007291590451208169,-0.018136695183808536,0.022861003751762015
2020-12-29,0.0014718860154410423,0.005817241604225614,0.0104136504834467,0.16455786724866434,-0.03841560999407987,-0.01568250593105025,-0.0045964088792210854,-0.02273310406302962,0.023375064143909483
2020-12-30,0.002995208807931382,0.01698290227884714,0.0166897130675896,0.16755307605659572,-0.02143270771523273,0.0010072071365393488,0.00029318921125754197,-0.022439914851772078,0.023738782229992626
2020-12-31,0.0,0.0,0.0,0.16755307605659572,-0.02143270771523273,0.0010072071365393488,0.0,-0.022439914851772078,0.023493298920406257
