time,pnl,long_pnl,benchmark_ret,cum_pnl,cum_long_pnl,cum_benchmark_ret,excess_ret,cum_excess_ret,turnover
2018-01-08,0.0,0.0,0.0,0.0,0.0,0.0,0.0,0.0,0.0
2018-01-09,-0.000991330188824791,-0.0022162915111725496,0.0008694901679445,-0.000991330188824791,-0.0022162915111725496,0.0008694901679445,-0.0030857816791170496,-0.0030857816791170496,0.19999999999999998
2018-01-10,0.0024012159222330572,0.003913382636899865,0.0021593353710583,0.0014098857334082662,0.0016970911257273157,0.0030288255390028,0.0017540472658415652,-0.0013317344132754844,0.19999999999999998
2018-01-11,0.0004744462128587738,-0.0031576353441163814,0.0003706655322411,0.00188433194626704,-0.0014605442183890658,0.0033994910712439,-0.003528300876357481,-0.004860035289632966,0.19999999999999998
2018-01-12,-0.0021204473118316873,-0.023597508603069514,-0.008572478167785,-0.0002361153655646474,-0.02505805282145858,-0.005172987096541101,-0.015025030435284513,-0.019885065724917477,0.2
2018-01-15,0.0017079105614558258,0.007470938082523695,0.0071334163908125,0.0014717951958911784,-0.017587114738934883,0.0019604292942713986,0.0003375216917111956,-0.01954754403320628,0.19999999999999998
2018-01-16,0.01167115559813873,0.007415614594341457,0.0004571802547014,0.013142950794029908,-0.010171500144593426,0.0024176095489727985,0.006958434339640057,-0.012589109693566225,0.06447549870923877
2018-01-17,0.0004116991805725581,0.0023528351735802857,0.0084864318103431,0.013554649974602467,-0.007818664971013141,0.0109040413593159,-0.006133596636762815,-0.01872270633032904,0.06383730817159797
2018-01-18,0.0016946191443483075,-0.0009035260873157381,0.0024095949573153,0.015249269118950774,-0.008722191058328879,0.0133136363166312,-0.003313121044631038,-0.022035827374960078,0.06351268576426354
2018-01-19,-0.004871159636044112,0.004856658135655954,0.0072890221381988,0.010378109482906663,-0.0038655329226729247,0.02060265845483,-0.0024323640025428455,-0.024468191377502925,0.062409888559215955
2018-01-22,0.0016040372930658988,0.002227625424936194,0.0122525929284334,0.011982146775972561,-0.0016379074977367308,0.032855251383263395,-0.010024967503497205,-0.03449315888100012,0.06445878388354379
2018-01-23,0.0012997695091916594,0.00792677337261645,0.0029174739577414,0.01328191628516422,0.006288865874879718,0.03577272534100479,0.005009299414875049,-0.029483859466125074,0.0673445412802179
2018-01-24,-0.004251189847373844,-0.004821544731936853,-0.0045137009955697,0.009030726437790376,0.0014673211429428656,0.031259024345435094,-0.0003078437363671525,-0.029791703202492227,0.06808153924047473
2018-01-25,-0.004815586498458476,-0.005788715245138778,0.0022214894968308,0.0042151399393319,-0.004321394102195912,0.03348051384226589,-0.008010204741969578,-0.0378019079444618,0.06902925912169404
2018-01-26,-0.001229937161803953,-0.014706856502361499,-0.0131554438272445,0.002985202777527947,-0.01902825060455741,0.020325070015021394,-0.001551412675116999,-0.0393533206195788,0.06630639508339117
2018-01-29,0.0030880896936708864,-0.0007949385376991848,-0.0094684813310998,0.0060732924711988335,-0.019823189142256597,0.010856588683921595,0.008673542793400615,-0.030679777826178194,0.06535878109782373
2018-01-30,-0.0004761867500126576,-0.026562936319252738,-0.0058092172982445,0.005597105721186176,-0.04638612546150933,0.0050473713856770954,-0.020753719021008237,-0.05143349684718643,0.06293938146522314
2018-01-31,0.0017978507045730131,-0.04120449207554485,-0.0163677791574413,0.007394956425759189,-0.08759061753705419,-0.011320407771764202,-0.024836712918103552,-0.07627020976528999,0.06325732864572808
2018-02-01,-0.011554202401720733,-0.013809747256199935,0.0027738549244159,-0.004159245975961544,-0.10140036479325412,-0.008546552847348302,-0.016583602180615834,-0.09285381194590582,0.06516042882372507
2018-02-02,-0.009199049727304702,-0.012864846299022478,0.0035602970865158,-0.013358295703266247,-0.1142652110922766,-0.004986255760832501,-0.016425143385538278,-0.10927895533144409,0.06696838141469245
2018-02-05,-0.008981343513596998,-0.06327736611287489,-0.0394024738641026,-0.022339639216863244,-0.17754257720515149,-0.044388729624935105,-0.02387489224877229,-0.13315384758021637,0.06802960644196525
2018-02-06,0.0045945600904871205,0.008197075570378808,-0.0187612805149326,-0.017745079126376122,-0.1693455016347727,-0.06315001013986771,0.026958356085311407,-0.10619549149490498,0.0683741118324907
2018-02-07,0.004855881292494374,0.017107730539056745,-0.0088285936069091,-0.012889197833881748,-0.15223777109571596,-0.07197860374677681,0.025936324145965847,-0.08025916734893915,0.06542415545217992
2018-02-08,0.012014121757399687,-0.026583775502141468,-0.0403640234984652,-0.0008750760764820609,-0.17882154659785743,-0.11234262724524201,0.01378024799632373,-0.06647891935261542,0.06621466804352644
2018-02-09,0.0019108641984597503,0.02905626929119534,0.0132002974525211,0.0010357881219776894,-0.1497652773066621,-0.0991423297927209,0.01585597183867424,-0.05062294751394118,0.06541027267998208
2018-02-12,-0.0026997626653785167,-0.0005397289346786269,0.009273466138819,-0.0016639745434008273,-0.15030500624134072,-0.0898688636539019,-0.009813195073497628,-0.06043614258743882,0.06370312999277673
2018-02-13,-0.00021580488387194075,0.0012980165629074797,0.0049711906579792,-0.001879779427272768,-0.14900698967843323,-0.0848976729959227,-0.0036731740950717204,-0.06410931668251053,0.06309099462874936
2018-02-14,-0.00479924081790247,0.01686993300153216,0.0221415228567732,-0.0066790202451752385,-0.13213705667690107,-0.0627561501391495,-0.005271589855241041,-0.06938090653775157,0.06290442901242801
2018-02-22,-0.00016367589916429972,0.0039246754896470155,0.004362382426002,-0.006842696144339538,-0.12821238118725406,-0.05839376771314749,-0.0004377069363549844,-0.06981861347410656,0.06595457596732293
2018-02-23,0.003980960461480371,0.028275841767026907,0.0152879725627799,-0.0028617356828591674,-0.09993653942022715,-0.043105795150367596,0.012987869204247007,-0.056830744269859554,0.06384186164479268
2018-02-26,0.0037610182129557395,0.0051851943706002854,-0.0111838773992902,0.000899282530096572,-0.09475134504962686,-0.054289672549657796,0.016369071769890484,-0.04046167249996906,0.06959648980229573
2018-02-27,-0.0010664352506227128,0.0006170706083997393,-0.0060116291402169,-0.00016715272052614076,-0.09413427444122711,-0.060301301689874694,0.006628699748616639,-0.03383297275135242,0.06603175767913087
2018-02-28,0.0012101280469075646,0.015764504052221545,0.006437892737932,0.0010429753263814239,-0.07836977038900557,-0.05386340895194269,0.009326611314289544,-0.024506361437062876,0.06336586963558387
2018-03-01,0.0028034202038569873,-0.004045728781557807,-0.0067206159159254,0.003846395530238411,-0.08241549917056337,-0.06058402486786809,0.0026748871343675925,-0.021831474302695282,0.06520630721242152
2018-03-02,0.008091243009453696,0.011884864159890237,0.0014333300394533,0.011937638539692107,-0.07053063501067314,-0.05915069482841479,0.010451534120436937,-0.011379940182258345,0.06850599387447193
2018-03-05,0.000272203234487981,0.011320787466612517,0.0105015926085664,0.012209841774180089,-0.05920984754406062,-0.04864910221984839,0.0008191948580461173,-0.01056074532421223,0.07428955995399229
2018-03-06,0.005377335159193393,-0.003147293152362979,-0.0060439322536637,0.017587176933373482,-0.0623571406964236,-0.05469303447351209,0.0028966391013007216,-0.007664106222911506,0.07034905140232962
2018-03-07,0.007002181682996815,0.013946268120332657,0.0063003721024472,0.024589358616370297,-0.04841087257609094,-0.04839266237106489,0.007645896017885456,-1.8210205026049364e-05,0.06789496195408921
2018-03-08,0.0038735072865050037,0.020330299063012657,0.0092843741842354,0.0284628659028753,-0.028080573513078282,-0.03910828818682949,0.011045924878777258,0.011027714673751205,0.0658935268621061
2018-03-09,-0.0028384837805253416,0.013931303999095946,0.0074090937429672,0.025624382122349958,-0.014149269513982337,-0.03169919444386229,0.0065222102561287455,0.017549924929879952,0.0640906545290593
2018-03-12,-0.002882175983615047,-0.007809854587321137,-0.0055736462915819,0.02274220613873491,-0.021959124101303473,-0.037272840735444186,-0.002236208295739237,0.015313716634140714,0.06269825600254895
2018-03-13,0.002117770788004929,-0.010071561686100471,-0.0078678731097676,0.02485997692673984,-0.032030685787403944,-0.04514071384521179,-0.002203688576332871,0.013110028057807845,0.06324742662617819
2018-03-14,-0.012406154478101268,-0.01570279553173598,0.000265970266915,0.012453822448638572,-0.047733481319139924,-0.04487474357829679,-0.01596876579865098,-0.002858737740843137,0.06217190191770848
2018-03-15,0.004929410066399363,0.001958841274552496,-0.0074735368176534,0.017383232515037934,-0.04577464004458743,-0.052348280395950186,0.009432378092205896,0.006573640351362757,0.0625380027972429
2018-03-16,0.00921447583488272,0.009870944773527823,0.0028343829013538,0.026597708349920653,-0.035903695271059605,-0.049513897494596386,0.0070365618721740224,0.013610202223536781,0.06165787800362364
2018-03-19,0.003827766130027648,0.005720436519773371,0.0030773033862736,0.0304254744799483,-0.030183258751286232,-0.046436594108322786,0.002643133133499771,0.016253335357036554,0.06065482352920603
2018-03-20,0.006820336841399405,-0.0018984525577847315,-0.0046435811776734,0.0372458113213477,-0.03208171130907096,-0.051080175285996184,0.0027451286198886685,0.01899846397692522,0.0624339725928972
2018-03-21,0.00708951457277524,0.0052392779290303445,-0.0060027676220498,0.044335325894122944,-0.026842433380040616,-0.05708294290804598,0.011242045551080144,0.030240509528005367,0.06269076728608149
2018-03-22,0.0018335049534640498,-0.05898858986578565,-0.0392954079455939,0.046168830847586995,-0.08583102324582627,-0.09637835085363988,-0.019693181920191753,0.010547327607813614,0.06510949349812534
2018-03-23,0.004057338893477104,0.018669069745171213,-0.0022663349052287,0.0502261697410641,-0.06716195350065506,-0.09864468575886859,0.020935404650399912,0.03148273225821353,0.06815456696318334
2018-03-26,0.004839452730908642,0.030440480044651917,0.013417937924394,0.05506562247197274,-0.03672147345600314,-0.08522674783447459,0.017022542120257916,0.04850527437847145,0.06319081818132952
2018-03-27,0.01175788988408469,0.0012694376518262557,-0.0131868565328546,0.06682351235605744,-0.035452035804176885,-0.0984136043673292,0.014456294184680855,0.06296156856315231,0.06407568226042666
2018-03-28,0.0012904460158943438,0.010187051611058918,0.0124141198898849,0.06811395837195178,-0.025264984193117967,-0.0859994844774443,-0.002227068278825982,0.06073450028432632,0.06588862515119444
2018-03-29,0.006623812241843458,0.02098364659240279,0.0059223084628879,0.07473777061379523,-0.004281337600715175,-0.0800771760145564,0.015061338129514892,0.07579583841384122,0.06614333382965197
2018-03-30,0.005243915657611992,0.007140667167932403,-0.0023101016458123,0.07998168627140723,0.002859329567217228,-0.0823872776603687,0.009450768813744704,0.08524660722758592,0.06748022722755483
2018-04-02,0.008606483117482992,-0.004016204860659309,-0.0088982250347259,0.08858816938889022,-0.0011568752934420813,-0.0912855026950946,0.004882020174066591,0.09012862740165252,0.06716367576315463
2018-04-03,0.005355317990090594,-0.00210206424932856,-0.0042008180568649,0.09394348737898081,-0.003258939542770641,-0.0954863207519595,0.0020987538075363404,0.09222738120918886,0.06918537231914547
2018-04-04,0.005416997798260683,0.0054136545175801605,0.0006072309700014,0.0993604851772415,0.0021547149748095194,-0.0948790897819581,0.004806423547578761,0.09703380475676761,0.07005248212516375
2018-04-09,-0.0019297936440764202,-0.00024256929130320783,0.0145527930938078,0.09743069153316508,0.0019121456835063115,-0.08032629668815029,-0.014795362385111007,0.0822384423716566,0.07115168754668691
2018-04-10,0.008457219649614002,0.013169987516308738,0.0054934588640355,0.10588791118277908,0.01508213319981505,-0.07483283782411479,0.007676528652273238,0.08991497102392984,0.07031500898536175
2018-04-11,0.0060759721419750366,-0.0017619785315371066,-0.0093124400740539,0.11196388332475413,0.013320154668277942,-0.0841452778981687,0.007550461542516793,0.09746543256644664,0.07147906514059911
2018-04-12,0.0014334663164779044,-0.0026219803805090196,-0.005864132284837,0.11339734964123203,0.010698174287768923,-0.09000941018300569,0.00324215190432798,0.10070758447077462,0.07268003408400661
2018-04-13,-0.003078381354818968,-0.007913262906969582,-0.0141142081113379,0.11031896828641306,0.002784911380799341,-0.10412361829434359,0.0062009452043683185,0.10690852967514293,0.07368180409035839
2018-04-16,-0.0019204474078047483,-0.025825794650851372,-0.0176382047707431,0.10839852087860831,-0.02304088327005203,-0.12176182306508669,-0.008187589880108273,0.09872093979503466,0.07424856442102794
2018-04-17,-0.0008197259825189603,0.01011227030950967,0.0088789822273485,0.10757879489608935,-0.012928612960542362,-0.1128828408377382,0.0012332880821611693,0.09995422787719584,0.07389758812302961
2018-04-18,-0.0021491855038742085,0.00225747621441059,0.0078253613687203,0.10542960939221514,-0.010671136746131772,-0.10505747946901789,-0.005567885154309711,0.09438634272288612,0.0735265233477652
2018-04-19,0.0013137334926408301,-0.023573732888995277,-0.0164446833080689,0.10674334288485597,-0.034244869635127045,-0.12150216277708678,-0.007129049580926378,0.08725729314195974,0.06890444519318181
2018-04-20,0.0008279308015460095,-0.008377329624100776,-0.003508394327043,0.10757127368640199,-0.04262219925922782,-0.12501055710412978,-0.0048689352970577755,0.08238835784490196,0.06743968480084776
2018-04-23,0.006234878810028549,0.02751264011842558,0.0209514245938346,0.11380615249643053,-0.01510955914080224,-0.10405913251029518,0.0065612155245909805,0.08894957336949294,0.06788688848620525
2018-04-24,0.006424039808758749,0.007967559906899428,-0.0023404571905488,0.12023019230518928,-0.007141999233902812,-0.10639958970084398,0.010308017097448227,0.09925759046694117,0.0706233434353173
2018-04-25,0.0004449302525177533,-0.022454145509573316,-0.0173651351134912,0.12067512255770703,-0.029596144743476126,-0.12376472481433518,-0.0050890103960821165,0.09416858007085904,0.07147159893663399
2018-04-26,-0.0007574225842816312,-0.0004541148295389338,0.0029250596030998,0.1199176999734254,-0.03005025957301506,-0.12083966521123538,-0.003379174432638734,0.09078940563822031,0.07087184430420278
2018-04-27,-0.0006592832282614682,-0.006511215272545101,-0.0003819155565568,0.11925841674516394,-0.03656147484556016,-0.12122158076779217,-0.006129299715988301,0.08466010592223201,0.0687748610011152
2018-05-02,0.003842288143675903,0.012837938624337198,0.0070676946180105,0.12310070488883984,-0.02372353622122296,-0.11415388614978167,0.005770244006326699,0.09043034992855871,0.06949922115504402
2018-05-03,0.005539074965854325,0.0015832957883239478,-0.0037678762987334,0.12863977985469416,-0.022140240432899014,-0.11792176244851507,0.005351172087057348,0.09578152201561606,0.07011834118079563
2018-05-04,0.0025322609052032268,0.020474195463685417,0.0159374865775335,0.13117204075989738,-0.0016660449692135967,-0.10198427587098158,0.004536708886151916,0.10031823090176797,0.06731160866563156
2018-05-07,0.001994633595808984,0.008633341393998717,0.0082551345310358,0.13316667435570637,0.00696729642478512,-0.09372914133994578,0.0003782068629629171,0.1006964377647309,0.0690218312371828
2018-05-08,0.00670549880241268,0.0046921159650232525,-0.0009964141960298,0.13987217315811903,0.011659412389808372,-0.09472555553597559,0.005688530161053053,0.10638496792578396,0.07186075795812974
2018-05-09,0.00523499815106641,0.008355047358808602,0.0049185175405204,0.14510717130918543,0.020014459748616972,-0.08980703799545518,0.0034365298182882018,0.10982149774407216,0.0727071678292089
2018-05-10,-0.0036138781303345475,-0.014778609836234555,-0.0057064282485662,0.1414932931788509,0.005235849912382417,-0.09551346624402138,-0.009072181587668355,0.1007493161564038,0.07179231932482566
2018-05-11,0.00037083154949724427,-0.006979552500934424,0.0012447241836344,0.14186412472834814,-0.0017437025885520072,-0.09426874206038698,-0.008224276684568824,0.09252503947183496,0.07408721338757569
2018-05-14,0.0033394241828420667,0.014122940476838531,0.0060592332857271,0.1452035489111902,0.012379237888286524,-0.08820950877465987,0.008063707191111432,0.1005887466629464,0.07415415033062758
2018-05-15,0.0018922746538171554,-0.0038100186446047646,-0.007523021347275,0.14709582356500736,0.008569219243681758,-0.09573253012193488,0.0037130027026702353,0.10430174936561663,0.07495680923700004
2018-05-16,0.0021259895609598996,-0.002127291165780374,-0.0056989657046233,0.14922181312596727,0.0064419280779013845,-0.10143149582655818,0.003571674538842926,0.10787342390445956,0.07184547198857552
2018-05-17,-0.001313430105457833,0.002911585861079568,0.0097826076381051,0.14790838302050943,0.009353513938980953,-0.09164888818845308,-0.006871021777025532,0.10100240212743404,0.06796817599753316
2018-05-18,0.0005166007762623935,0.013978092349715717,0.0064221967688641,0.14842498379677183,0.02333160628869667,-0.08522669141958898,0.007555895580851618,0.10855829770828565,0.06623193956108815
2018-05-21,0.005244074745055089,0.007577067728564531,-0.0008328302098194,0.15366905854182691,0.0309086740172612,-0.08605952162940839,0.00840989793838393,0.11696819564666959,0.06801774744554465
2018-05-22,0.004571677713255917,-0.008126727031696564,-0.0143704976809314,0.15824073625508284,0.022781946985564634,-0.10043001931033979,0.006243770649234835,0.12321196629590442,0.07117664306982645
2018-05-23,-4.773879683220561e-05,-0.003267675927066808,-0.0058317319895846,0.15819299745825063,0.019514271058497824,-0.10626175129992439,0.0025640560625177916,0.12577602235842222,0.07095053313395387
2018-05-24,0.006271019334764761,-0.006836715195775472,-0.0057395528443244,0.1644640167930154,0.012677555862722352,-0.11200130414424879,-0.0010971623514510727,0.12467886000697115,0.0705561436305553
2018-05-25,0.0019112900256566434,-0.008749638820746737,-0.0020755815497218,0.16637530681867205,0.003927917041975615,-0.11407688569397059,-0.006674057271024937,0.11800480273594621,0.06959553580305465
2018-05-28,0.0012450142386195933,-0.009418469040989093,-0.0083117622297824,0.16762032105729163,-0.005490551999013478,-0.122388647923753,-0.0011067068112066928,0.11689809592473951,0.06779282481097376
2018-05-29,-0.00621196859318926,-0.04362290857328669,-0.0276398840751627,0.16140835246410237,-0.04911346057230017,-0.1500285319989157,-0.015983024498123992,0.10091507142661552,0.06674945189160889
2018-05-30,0.002166700468888182,0.01794365230680997,0.017146280400359,0.16357505293299054,-0.0311698082654902,-0.13288225159855668,0.0007973719064509714,0.10171244333306648,0.0684585130756158
2018-05-31,0.0016034604928309689,-0.010766767676992304,-0.0090865086951841,0.16517851342582152,-0.041936575942482505,-0.14196876029374078,-0.0016802589818082046,0.10003218435125827,0.06976658137598582
2018-06-01,0.002158279401973775,-0.0030785136831843166,0.0040829120082346,0.1673367928277953,-0.045015089625666825,-0.13788584828550618,-0.007161425691418916,0.09287075865983935,0.07063533067401698
2018-06-04,0.0021799177455274162,0.016988444537910555,0.0108976813042633,0.1695167105733227,-0.02802664508775627,-0.12698816698124288,0.006090763233647255,0.09896152189348661,0.07456419527739708
2018-06-05,0.006483165828415855,0.005306011473942134,-0.0014117419297887,0.17599987640173856,-0.022720633613814135,-0.1283999089110316,0.006717753403730834,0.10567927529721746,0.076943522907186
2018-06-06,-0.0035521754990109513,-0.011392898470077127,-0.0030742407305585,0.1724477009027276,-0.034113532083891264,-0.1314741496415901,-0.008318657739518627,0.09736061755769884,0.07544269420434745
2018-06-07,0.0025848261583331948,-0.00984425486600951,-0.0132165682494332,0.1750325270610608,-0.043957786949900775,-0.1446907178910233,0.0033723133834236887,0.10073293094112254,0.0789899630128944
2018-06-08,-0.002108147969023381,-0.008571735173973123,-0.004823459551987,0.1729243790920374,-0.0525295221238739,-0.14951417744301032,-0.003748275621986123,0.09698465531913641,0.07541448074420617
2018-06-11,-0.0025862271915559195,0.0058370621494732485,0.0094067557932051,0.1703381519004815,-0.04669245997440065,-0.14010742164980522,-0.0035696936437318513,0.09341496167540457,0.07116532886841007
2018-06-12,0.000676579062383314,-0.018338591327554096,-0.0126882143012329,0.1710147309628648,-0.06503105130195475,-0.15279563595103812,-0.005650377026321197,0.08776458464908338,0.06835989139786548
2018-06-13,0.0013696455645197923,-0.004502389462380031,-0.0030637149883331,0.1723843765273846,-0.06953344076433478,-0.15585935093937123,-0.0014386744740469306,0.08632591017503645,0.06986190435927794
2018-06-14,-0.0035223361878851263,-0.02823454876352313,-0.0097845011086874,0.16886204033949945,-0.09776798952785791,-0.16564385204805862,-0.018450047654835728,0.06787586252020071,0.07093592433655854
2018-06-15,-0.0033059531750292887,-0.07811464227042578,-0.047269493248359,0.16555608716447015,-0.17588263179828367,-0.21291334529641762,-0.030845149022066774,0.037030713498133944,0.07135181654271315
2018-06-19,0.003816123981611297,0.014221317688341934,0.0047273978243444,0.16937221114608145,-0.16166131410994175,-0.20818594747207322,0.009493919863997533,0.04652463336213147,0.08007610536944909
2018-06-20,-0.004571436136138269,-0.03121404218804413,-0.0166324420257565,0.16480077500994317,-0.19287535629798588,-0.22481838949782973,-0.014581600162287631,0.031943033199843845,0.07900337753402507
2018-06-21,0.0009336764771080934,0.01637053189022702,0.0072346094342784,0.16573445148705127,-0.17650482440775886,-0.21758378006355134,0.00913592245594862,0.041078955655792476,0.08195577213475962
2018-06-22,0.004083144719750467,-0.000705299753912225,-0.0107874856492637,0.16981759620680173,-0.1772101241616711,-0.22837126571281505,0.010082185895351474,0.05116114155114396,0.08214348282333239
2018-06-25,0.0034394085925752295,0.013561208642370204,-0.003486533048107,0.17325700479937695,-0.16364891551930089,-0.23185779876092205,0.017047741690477205,0.06820888324162117,0.08339796197250142
2018-06-26,0.0006313016623848974,-0.006156254709790263,-0.0137366174005636,0.17388830646176184,-0.16980517022909114,-0.24559441616148564,0.007580362690773336,0.0757892459323945,0.0746161203610606
2018-06-27,0.005187359520282478,-0.008799818290609709,-0.0106172006993063,0.17907566598204433,-0.17860498851970086,-0.25621161686079197,0.0018173824086965915,0.07760662834109111,0.07268162015282495
2018-06-28,-0.000859254049100656,0.03104004873171259,0.0258175951063966,0.17821641193294369,-0.14756493978798826,-0.23039402175439538,0.005222453625315992,0.08282908196640712,0.06790940610461743
2018-06-29,-0.004207388213797267,-0.015655298612051467,-0.0250449707938517,0.17400902371914642,-0.16322023840003974,-0.2554389925482471,0.009389672181800233,0.09221875414820735,0.06682981784114927
2018-07-02,0.005391652574443122,0.018729817462850806,0.0050509721706241,0.17940067629358955,-0.14449042093718895,-0.250388020377623,0.013678845292226707,0.10589759944043403,0.065016022658897
2018-07-03,-0.00041143691957471937,-0.022055999909970234,-0.0126373816525786,0.17898923937401484,-0.16654642084715918,-0.2630254020302016,-0.009418618257391634,0.0964789811830424,0.06300202642879614
2018-07-04,0.0012654390351016331,-0.02855399378050405,-0.0141230047693853,0.18025467840911646,-0.19510041462766323,-0.27714840679958685,-0.01443098901111875,0.08204799217192363,0.061998905097642464
2018-07-05,0.0004925115907017952,0.004352511137601423,0.0043769599469001,0.18074718999981826,-0.1907479034900618,-0.2727714468526867,-2.4448809298676516e-05,0.08202354336262493,0.06245700109901393
2018-07-06,0.0018784106041092115,0.023509787973909225,0.0275364805791961,0.18262560060392746,-0.16723811551615256,-0.24523496627349062,-0.0040266926052868746,0.07799685075733806,0.06137398307607756
2018-07-09,0.004447308357783808,0.011581147357751495,0.0047801559177776,0.18707290896171128,-0.15565696815840108,-0.240454810355713,0.006800991439973895,0.08479784219731193,0.06105987120863017
2018-07-10,0.0011123900956416263,-0.02568235193898418,-0.0192443434376853,0.1881852990573529,-0.18133932009738526,-0.2596991537933983,-0.006438008501298883,0.07835983369601304,0.060344633521527635
2018-07-11,-0.0009673549560009908,0.027026239088685115,0.0243175116665149,0.1872179441013519,-0.15431308100870014,-0.2353816421268834,0.0027087274221702165,0.08106856111818325,0.06166302220727736
2018-07-12,0.003281366236971364,0.004091235900420128,0.0025855119268476,0.19049931033832326,-0.15022184510828002,-0.23279613020003578,0.0015057239735725278,0.08257428509175577,0.061053852077022706
2018-07-13,0.001872778950000904,1.2926833115438537e-05,-0.0055640869728733,0.19237208928832417,-0.15020891827516458,-0.2383602171729091,0.005577013805988739,0.0881512988977445,0.06007137227464058
2018-07-16,-0.0005245846747077022,0.0019133361654235996,-0.0046158967855024,0.19184750461361647,-0.14829558210974098,-0.24297611395841148,0.006529232950925999,0.09468053184867051,0.06504819571867092
2018-07-17,0.0017104158048953568,-0.003980922436090454,-0.0046815121824121,0.19355792041851183,-0.15227650454583144,-0.2476576261408236,0.0007005897463216457,0.09538112159499215,0.06543323670460531
2018-07-18,-0.0008116742139609079,-0.013150358615238299,-0.0061786075943475,0.19274624620455091,-0.16542686316106975,-0.2538362337351711,-0.006971751020890799,0.08840937057410136,0.06754768762725036
2018-07-19,-0.00032371476222857096,0.011367574312445299,0.0195238217123159,0.19242253144232235,-0.15405928884862444,-0.23431241202285522,-0.008156247399870602,0.08025312317423078,0.06903423847039905
2018-07-20,-0.003534987041542806,0.0041011031867366045,0.0097762877272114,0.18888754440077954,-0.14995818566188784,-0.22453612429564382,-0.005675184540474796,0.07457793863375597,0.07161484841446633
2018-07-23,-0.0031783790874228644,0.01565306397961015,0.014999904270854,0.18570916531335668,-0.1343051216822777,-0.20953622002478983,0.0006531597087561514,0.07523109834251213,0.07206136580645679
2018-07-24,-0.0023981274905206197,0.0006292685058000856,-0.0002460364219283,0.18331103782283606,-0.13367585317647762,-0.20978225644671813,0.0008753049277283856,0.07610640327024051,0.06998016646667002
2018-07-25,-0.010950993998246231,-0.008962513796385697,-0.0082155072627219,0.17236004382458983,-0.1426383669728633,-0.21799776370944005,-0.0007470065336637969,0.07535939673657674,0.0688027451418861
2018-07-26,0.004220041084106968,-0.005425106249037098,-0.0044173482770574,0.1765800849086968,-0.14806347322190042,-0.22241511198649744,-0.0010077579719796979,0.07435163876459702,0.06812944305255321
2018-07-27,0.0011625476195478693,-0.01647795527016755,-0.0052642453584715,0.17774263252824468,-0.16454142849206796,-0.22767935734496894,-0.01121370991169605,0.06313792885290098,0.07081782060287053
2018-07-30,0.0004973903312790191,0.0009288985143271855,0.002072620487642,0.1782400228595237,-0.16361252997774078,-0.22560673685732693,-0.0011437219733148145,0.06199420687958615,0.07168299433076815
2018-07-31,0.001407642688480531,-0.01614342362361449,-0.0191464010194507,0.17964766554800424,-0.17975595360135527,-0.24475313787677763,0.003002977395836208,0.06499718427542236,0.07169960960870506
2018-08-01,-0.006195098824514592,-0.03189473626719116,-0.0225189443294556,0.17345256672348963,-0.21165068986854643,-0.2672720822062332,-0.009375791937735557,0.05562139233768679,0.07233352711191926
2018-08-02,0.00012297039706241176,-0.013729002503355339,-0.0116559179276908,0.17357553712055204,-0.22537969237190178,-0.278928000133924,-0.0020730845756645397,0.05354830776202221,0.07155794373686633
2018-08-03,-0.004954112927174387,-0.02481382443046262,-0.0150924300381416,0.16862142419337767,-0.2501935168023644,-0.2940204301720656,-0.009721394392321019,0.04382691336970118,0.0681812451803024
2018-08-06,-0.00418291138345881,0.0248632647152829,0.027485125489262,0.16443851280991886,-0.22533025208708152,-0.26653530468280356,-0.002621860773979103,0.04120505259572205,0.06732917690411705
2018-08-07,-0.005369389729274364,-0.02119178573621714,-0.0149594132541787,0.1590691230806445,-0.24652203782329865,-0.2814947179369823,-0.00623237248203844,0.034972680113683624,0.06770586047000698
2018-08-08,0.0032728361035858342,0.025297392178157043,0.020964711400721,0.16234195918423033,-0.2212246456451416,-0.2605300065362613,0.004332680777436045,0.03930536089111969,0.0652819754562187
2018-08-09,0.0031534293791308575,0.008055434665727437,0.0013299140260933,0.16549538856336118,-0.21316921097941416,-0.259200092510168,0.006725520639634137,0.04603088153075385,0.06616062062089935
2018-08-10,0.0013757740849972661,0.004397211097253875,-0.0026096722438327,0.16687116264835844,-0.20877199988216028,-0.2618097647540007,0.007006883341086575,0.05303776487184042,0.06591137966547125
2018-08-13,0.0010146048286974036,-0.00036049873565629077,-0.0025985502808299,0.16788576747705583,-0.20913249861781658,-0.2644083150348306,0.002238051545173609,0.05527581641701401,0.061641816497247474
2018-08-14,0.0004929868555505128,-0.020212547600075664,-0.0217258144287563,0.16837875433260635,-0.22934504621789223,-0.2861341294635869,0.0015132668286806372,0.05678908324569468,0.06219776767081092
2018-08-15,0.0033279344217614,-0.009361179805809697,-0.0077698113767463,0.17170668875436776,-0.23870622602370192,-0.2939039408403332,-0.0015913684290633978,0.0551977148166313,0.06138251192081503
2018-08-16,0.0015581306531997393,-0.01941424708142111,-0.0145641666673725,0.1732648194075675,-0.25812047310512304,-0.3084681075077057,-0.004850080414048609,0.050347634402582664,0.06210080837138329
2018-08-17,0.001903499264162892,0.006803989250127092,0.0101384972602765,0.17516831867173038,-0.25131648385499594,-0.2983296102474292,-0.003334508010149408,0.04701312639243327,0.06248051581397483
2018-08-20,0.0002174264430012251,0.011267907805912435,0.0134385649461657,0.1753857451147316,-0.2400485760490835,-0.2848910453012635,-0.002170657140253265,0.04484246925218002,0.06248135928200824
2018-08-21,-0.0007408745281806749,-0.0131323047545883,-0.0083166601038789,0.17464487058655093,-0.2531808808036718,-0.2932077054051424,-0.0048156446507094,0.04002682460147061,0.06375032584031613
2018-08-22,0.0035283252275234048,0.0090489034430003,0.0039447573119619,0.17817319581407434,-0.2441319773606715,-0.2892629480931805,0.0051041461310384,0.04513097073250899,0.06393674858621459
2018-08-23,0.0022973230830421318,-0.0022168373062770546,0.0012885846462994,0.18047051889711646,-0.24634881466694855,-0.2879743634468811,-0.0035054219525764547,0.04162554877993255,0.0638628903125564
2018-08-24,-0.0003989775608084698,0.020726202558764072,0.0208845063185246,0.18007154133630798,-0.2256226121081845,-0.2670898571283565,-0.00015830375976052732,0.04146724502017199,0.06402016334621685
2018-08-27,8.406254016173568e-05,0.0012280740780857627,-0.0005258863921574,0.18015560387646973,-0.22439453803009873,-0.26761574352051387,0.0017539604702431627,0.04322120549041514,0.06711634413654023
2018-08-28,0.0006906960455837988,-0.006051133318678811,-0.0041876996162977,0.18084629992205353,-0.23044567134877755,-0.2718034431368116,-0.001863433702381111,0.04135777178803404,0.06634942561607934
2018-08-29,0.0020465562336735126,-0.015948632080853023,-0.0124475913143909,0.18289285615572703,-0.2463943034296306,-0.2842510344512025,-0.0035010407664621233,0.03785673102157189,0.06383803923281486
2018-08-30,-0.00027433853777277683,-0.012085274391191506,-0.0061733569970488,0.18261851761795425,-0.2584795778208221,-0.2904243914482513,-0.005911917394142706,0.03194481362742918,0.06401738334164736
2018-08-31,-0.005302366399483836,-0.004112928000797223,-0.0014558534787456,0.1773161512184704,-0.2625925058216193,-0.2918802449269969,-0.0026570745220516226,0.029287739105377575,0.06402972036878483
2018-09-03,-0.0018805220238128225,0.011573566755306325,0.0111305523235148,0.17543562919465758,-0.251018939066313,-0.2807496926034821,0.00044301443179152467,0.029730753537169086,0.06456275436594948
2018-09-04,-0.0023959758417521405,-0.014962894120630886,-0.0179032263431785,0.17303965335290544,-0.2659818331869439,-0.2986529189466606,0.0029403322225476144,0.03267108575971667,0.06486826853379765
2018-09-05,0.0022964490163645455,-0.002745689906337255,-0.0064712835623056,0.17533610236927,-0.2687275230932812,-0.30512420250896616,0.003725593655968345,0.036396679415684974,0.06302800507620837
2018-09-06,-0.003042485311278376,0.002039054908144283,0.0030953313439373,0.17229361705799162,-0.2666884681851369,-0.30202887116502886,-0.0010562764357930168,0.03534040297989194,0.06258246884223834
2018-09-07,-0.0042198212570208,-0.023457660110022923,-0.0151045523895311,0.16807379580097082,-0.29014612829515984,-0.31713342355456,-0.008353107720491823,0.026987295259400135,0.06342342732268144
2018-09-10,0.0011308109227264964,0.0035767692119780268,-0.0011152447085998,0.1692046067236973,-0.2865693590831818,-0.3182486682631598,0.004692013920577827,0.031679309179977966,0.06561864231551622
2018-09-11,0.0036113482076249046,0.0018907720713701507,-0.0039326569593489,0.1728159549313222,-0.28467858701181165,-0.3221813252225087,0.005823429030719051,0.03750273821069705,0.06675861655713239
2018-09-12,-4.4903047915803256e-05,0.007875239594672909,0.0109540507204117,0.1727710518834064,-0.27680334741713875,-0.311227274502097,-0.0030788111257387916,0.03442392708495823,0.06517118312462854
2018-09-13,0.0026447106868322254,-0.010197840695198739,-0.0032907710331277,0.17541576257023864,-0.2870011881123375,-0.31451804553522467,-0.006907069662071039,0.027516857422887175,0.06610686726878941
2018-09-14,-0.003758446735981503,-0.02011701499967966,-0.0122082067303949,0.17165731583425714,-0.30711820311201715,-0.3267262522656196,-0.007908808269284761,0.019608049153602425,0.06377978333352363
2018-09-17,-0.004695018005112935,0.016039749250205168,0.0175268507093053,0.1669622978291442,-0.29107845386181197,-0.30919940155631426,-0.0014871014591001305,0.018120947694502287,0.064678584083599
2018-09-18,0.0009746124359653241,0.011946529792648191,0.0127365470076944,0.16793691026510954,-0.27913192406916376,-0.29646285454861987,-0.0007900172150462088,0.017330930479456108,0.0653277401937344
2018-09-19,-0.0052072699937999985,-0.005215351650254622,-0.0006374068975386,0.16272964027130954,-0.28434727571941837,-0.2971002614461585,-0.004577944752716022,0.012752985726740107,0.06391068884375863
2018-09-20,0.002018624601509994,0.013755367117952643,0.0245589605831236,0.16474826487281954,-0.2705919086014657,-0.27254130086303485,-0.010803593465170956,0.0019493922615691495,0.06406276685886833
2018-09-21,0.0014776010459121205,-0.0022696284871629086,-0.0064260303582367,0.16622586591873167,-0.2728615370886286,-0.27896733122127154,0.004156401871073792,0.00610579413264295,0.06304612106676515
2018-09-25,0.0009965892785523268,0.004931511877583163,0.0084527516720078,0.16722245519728401,-0.2679300252110454,-0.2705145795492637,-0.003521239794424637,0.0025845543382183034,0.06366465709844511
2018-09-26,-0.0033710811688513033,-0.02091480581101863,-0.007797799795558,0.16385137402843272,-0.28884483102206404,-0.2783123793448217,-0.01311700601546063,-0.010532451677242316,0.06651513243027028
2018-09-27,0.0033384200730857223,0.010875916897095066,0.0103789909259298,0.16718979410151844,-0.277968914124969,-0.2679333884188919,0.0004969259711652668,-0.010035525706077075,0.06454082012590466
2018-09-28,-0.0011114755177797611,-0.03731637067074488,-0.0402635020149368,0.16607831858373867,-0.3152852847957139,-0.3081968904338287,0.0029471313441919236,-0.007088394361885186,0.0614985941248617
2018-10-08,-0.0006183185695425188,0.002030011247036952,0.0005813572711932,0.16546000001419614,-0.31325527354867694,-0.3076155331626355,0.001448653975843752,-0.005639740386041425,0.06268843124145468
2018-10-09,0.00939994445237775,0.009071059406828648,0.0007202761829417,0.17485994446657388,-0.30418421414184826,-0.30689525697969383,0.008350783223886948,0.0027110428378455675,0.060894520558906186
2018-10-10,0.0008288693242280243,-0.07875731832451327,-0.0580020133998208,0.1756888137908019,-0.38294153246636153,-0.36489727037951464,-0.02075530492469247,-0.018044262086846896,0.06237910780105952
2018-10-11,0.007134893069329374,-0.003894224843846243,0.0088727069998085,0.18282370686013127,-0.38683575731020775,-0.3560245633797061,-0.012766931843654742,-0.030811193930501635,0.06514752533917491
2018-10-12,0.008540331512266252,-0.008136421631321129,-0.0150429852616485,0.19136403837239752,-0.39497217894152886,-0.3710675486413546,0.006906563630327371,-0.023904630300174257,0.06430448203693934
2018-10-15,-0.0004134927260804702,-0.020288289860210418,-0.0111352883697839,0.19095054564631705,-0.4152604688017393,-0.3822028370111385,-0.009153001490426518,-0.03305763179060078,0.0658220657782765
2018-10-16,0.0015149554380285695,0.010159461054728341,0.0062489628825497,0.19246550108434562,-0.40510100774701097,-0.37595387412858877,0.003910498172178641,-0.029147133618422194,0.06666079516534243
2018-10-17,0.014096557491185931,-0.024639262837920117,-0.0291553152948319,0.20656205857553156,-0.4297402705849311,-0.40510918942342067,0.004516052456911782,-0.024631081161510415,0.06709501415075532
2018-10-18,0.004037189990258181,0.02441954141569232,0.026621292850232,0.21059924856578974,-0.4053207291692388,-0.37848789657318865,-0.0022017514345396803,-0.026832832596050127,0.07133508755656917
2018-10-19,-0.0027943347187420558,0.04747837432445548,0.042468315550808,0.2078049138470477,-0.35784235484478333,-0.33601958102238066,0.005010058773647477,-0.021822773822402664,0.06905976788526164
2018-10-22,-0.0018106115920145456,-0.014489632333734154,-0.0233586483298512,0.20599430225503315,-0.37233198717851745,-0.35937822935223185,0.008869015996117047,-0.012953757826285606,0.06746151679993848
2018-10-23,0.0007578956901445655,0.0005629407132206338,0.0024681262359944,0.2067521979451777,-0.3717690464652968,-0.35691010311623744,-0.0019051855227737663,-0.01485894334905935,0.06631823964162484
2018-10-24,-0.0062628048037391875,-0.011609853458555697,-0.0003548533999754,0.20048939314143852,-0.3833788999238525,-0.3572649565162128,-0.011255000058580296,-0.026113943407639673,0.06362840338096677
2018-10-25,0.0032108095741127346,0.005226609832893678,-0.0014012772940005,0.20370020271555125,-0.3781522900909588,-0.35866623381021334,0.006627887126894178,-0.019486056280745456,0.061738078156506775
2018-10-26,0.006020942072708281,-0.011619322780668863,-0.0227910732575062,0.20972114478825954,-0.38977161287162765,-0.3814573070677195,0.011171750476837336,-0.008314305803908129,0.06294772243823761
2018-10-29,-0.0004246256590638626,0.011328802248550053,0.009305877324722,0.20929651912919567,-0.3784428106230776,-0.37215142974299753,0.002022924923828053,-0.0062913808800800775,0.06555266293220631
2018-10-30,0.0016667844973379884,0.01723708158257879,0.0127389063892605,0.21096330362653365,-0.3612057290404988,-0.359412523353737,0.0044981751933182886,-0.0017932056867617785,0.06584152575637307
2018-10-31,0.0007876644359537914,0.006935457090908699,0.0039059292273618,0.21175096806248744,-0.3542702719495901,-0.3555065941263752,0.003029527863546899,0.0012363221767850985,0.06481659543711252
2018-11-01,-0.0022701800712071926,0.027814831207374074,0.0283474321165822,0.20948078799128025,-0.326455440742216,-0.327159162009793,-0.0005326009092081266,0.0007037212675770066,0.06203232460725351
2018-11-02,-0.004902246590037834,0.0053231146637411145,-0.00370310633975,0.20457854140124243,-0.32113232607847486,-0.330862268349543,0.009026221003491115,0.00972994227106816,0.06018321096133654
2018-11-05,-0.0019626811821584936,-0.004106592827426934,-0.003134962071231,0.20261586021908393,-0.3252389189059018,-0.333997230420774,-0.0009716307561959342,0.008758311514872219,0.05891307616686476
2018-11-06,0.0024740400387288607,-0.0008147138712484753,-0.0057320671571691,0.2050899002578128,-0.32605363277715027,-0.3397292975779431,0.004917353285920625,0.013675664800792853,0.0633278650344145
2018-11-07,-0.003036496951939164,-0.003213390302515019,-0.0027204304621853,0.20205340330587362,-0.32926702307966527,-0.3424497280401284,-0.0004929598403297193,0.013182704960463143,0.06812321057381139
2018-11-08,0.0038644355396209094,0.0005639449966193295,-0.0126927750171558,0.20591783884549453,-0.32870307808304594,-0.35514250305728423,0.013256720013775128,0.02643942497423829,0.06893190171578899
2018-11-09,-0.0036254877045758223,0.027478487451589546,0.0153501215589054,0.2022923511409187,-0.3012245906314564,-0.3397923814983788,0.012128365892684146,0.03856779086692241,0.06687506454953468
2018-11-12,-0.009642176465702219,0.014054334974310927,0.0109923632444849,0.19265017467521647,-0.2871702556571455,-0.32880001825389393,0.003061971729826026,0.04162976259674844,0.06666558417027876
2018-11-13,0.0013607795169595655,0.0004328542520400351,-0.0077770638743492,0.19401095419217604,-0.28673740140510545,-0.3365770821282431,0.008209918126389234,0.04983968072313766,0.0654031541430425
2018-11-14,0.013472091800390948,0.028550184398247257,0.0136395285829369,0.20748304599256698,-0.2581872170068582,-0.32293755354530623,0.014910655815310358,0.06475033653844803,0.06060788948513772
2018-11-15,-0.0014849303711127239,0.00900720555364374,0.0054036128930333,0.20599811562145426,-0.24918001145321447,-0.3175339406522729,0.003603592660610439,0.06835392919905844,0.059601477327945795
2018-11-16,6.455116897527286e-05,0.002585883979483119,0.0079012084948854,0.20606266679042953,-0.24659412747373136,-0.3096327321573875,-0.005315324515402281,0.06303860468365616,0.057772909617129775
2018-11-19,0.003161196633320919,-0.02588162793045973,-0.0231548809849948,0.20922386342375046,-0.2724757554041911,-0.3327876131423823,-0.0027267469454649307,0.0603118577381912,0.05994575898163382
2018-11-20,6.474957383684893e-05,0.009052826879426787,0.0028192200049957,0.2092886129975873,-0.26342292852476434,-0.32996839313738663,0.006233606874431087,0.06654546461262228,0.06074525262074767
2018-11-21,0.0031161995710670665,0.003752932878631558,-0.0018932905205505,0.21240481256865437,-0.2596699956461328,-0.3318616836579371,0.005646223399182058,0.07219168801180431,0.06044757722056779
2018-11-22,0.008353995579450053,-0.0405975109605922,-0.0280824539507931,0.22075880814810442,-0.300267506606725,-0.35994413760873023,-0.012515057009799099,0.05967663100200521,0.06082802426222198
2018-11-23,-0.006673019656527719,-0.006841354158641485,-0.001543420486384,0.2140857884915767,-0.30710886076536653,-0.36148755809511424,-0.005297933672257485,0.054378697329747705,0.059439780757563315
2018-11-26,0.001522054511966119,0.008770799586673499,0.0008345788268434,0.21560784300354283,-0.29833806117869305,-0.36065297926827083,0.007936220759830099,0.06231491808957779,0.0595025117300322
2018-11-27,0.004929051361784315,0.013797385679950454,0.0109955202231489,0.22053689436532714,-0.28454067549874257,-0.3496574590451219,0.002801865456801554,0.06511678354637934,0.06242173104241935
2018-11-28,0.004839795739191497,-0.022677674571383397,-0.0155315057162431,0.22537669010451863,-0.307218350070126,-0.36518896476136503,-0.007146168855140297,0.05797061469123904,0.06629776539578063
2018-11-29,0.003799865629140324,0.008565666378652291,0.0080501697816002,0.22917655573365897,-0.2986526836914737,-0.3571387949797648,0.0005154965970520908,0.05848611128829112,0.06525678048227394
2018-11-30,-0.00027354170654636257,0.03224193501326399,0.0269509327204435,0.2289030140271126,-0.2664107486782097,-0.3301878622593213,0.005291002292820493,0.0637771135811116,0.06184097672789122
2018-12-03,-0.004387251410151509,0.0065888625906715,0.003812566275892,0.2245157626169611,-0.2598218860875382,-0.3263752959834293,0.0027762963147794995,0.06655340989589109,0.06314847140065079
2018-12-04,0.005317150141435647,-0.005525036858901597,-0.0056868982421553,0.22983291275839673,-0.2653469229464398,-0.3320621942255846,0.0001618613832537032,0.06671527127914478,0.06060355439380313
2018-12-05,0.00221217616755741,-0.01775055700443216,-0.0188913875798141,0.23204508892595416,-0.283097479950872,-0.3509535818053987,0.001140830575381939,0.06785610185452673,0.060607497290379474
2018-12-06,0.003240540483704019,0.002463224833428979,0.0001491452519181,0.23528562940965816,-0.280634255117443,-0.3508044365534806,0.002314079581510879,0.07017018143603759,0.060359220672313744
2018-12-07,0.0012082289705196076,-0.012437212681653643,-0.0101285521464814,0.23649385838017778,-0.29307146779909665,-0.360932988699962,-0.002308660535172242,0.06786152090086534,0.06084914906537035
2018-12-10,-0.0006622126267667387,0.008782424136481757,0.0049654489685917,0.23583164575341103,-0.28428904366261487,-0.3559675397313703,0.003816975167890057,0.07167849606875543,0.06337769852142384
2018-12-11,0.002259920259531862,0.002017986899948381,0.0027059892160177,0.2380915660129429,-0.2822710567626665,-0.3532615505153526,-0.0006880023160693192,0.07099049375268607,0.06417509378308446
2018-12-12,0.002226308878650376,0.009995431292441863,0.0117015542199434,0.24031787489159329,-0.27227562547022466,-0.3415599962954092,-0.0017061229275015365,0.06928437082518452,0.06494671986380758
2018-12-13,0.004229547544337943,-0.024319962073971888,-0.0182765820040464,0.24454742243593122,-0.29659558754419657,-0.3598365782994556,-0.0060433800699254865,0.06324099075525902,0.0683666759587223
2018-12-14,-0.0031118383420759275,-0.0014852198526752207,-0.0004058690959196,0.2414355840938553,-0.2980808073968718,-0.3602424473953752,-0.0010793507567556206,0.06216163999850338,0.0672725301844716
2018-12-17,0.0023899149272393395,-0.005013463955077872,-0.008459700141384,0.24382549902109463,-0.30309427135194966,-0.3687021475367592,0.0034462361863061286,0.06560787618480951,0.06320763028813974
2018-12-18,-0.0016478390009591257,-0.013747935545697535,-0.0114361352025488,0.2421776600201355,-0.3168422068976472,-0.380138282739308,-0.0023118003431487344,0.0632960758416608,0.06254284179089235
2018-12-19,0.0011184186139013967,0.005988365160130991,-0.0040319698665915,0.24329607863403688,-0.3108538417375162,-0.3841702526058995,0.01002033502672249,0.07331641086838331,0.06257845532044584
2018-12-20,0.006017167640919823,-0.0038398558215554626,-0.0089866229206708,0.2493132462749567,-0.3146936975590716,-0.3931568755265703,0.0051467670991153375,0.07846317796749869,0.06384629200768743
2018-12-21,0.00956306299103986,0.014995538504586405,0.0052826346676367,0.2588763092659966,-0.2996981590544852,-0.3878742408589336,0.009712903836949706,0.08817608180444841,0.06394206420851602
2018-12-24,0.008434894701968901,-0.005783510482636448,-0.0081914009794857,0.2673112039679655,-0.30548166953712164,-0.3960656418384193,0.002407890496849253,0.09058397230129767,0.07027359630039712
2018-12-25,0.0006520999649506165,-0.001333831294085514,-0.0031853605745479,0.2679633039329161,-0.3068155008312072,-0.3992510024129672,0.0018515292804623861,0.09243550158176,0.07099174928197778
2018-12-26,0.005133358744657857,-0.014094596639985846,-0.0078737363569923,0.273096662677574,-0.32091009747119303,-0.40712473876995947,-0.006220860282993547,0.08621464129876644,0.0690290427429141
2018-12-27,-0.0012004765573907575,-0.0007425657128207115,0.0039871385502771,0.27189618612018324,-0.32165266318401375,-0.40313760021968237,-0.004729704263097812,0.08148493703566861,0.07069397575844338
2018-12-28,-0.0021352449553798895,-0.00456862736339907,-0.0117821535864534,0.26976094116480337,-0.32622129054741283,-0.41491975380613577,0.00721352622305433,0.08869846325872294,0.0697903571981521
2019-01-02,-0.002414414305609968,-0.008998215898670916,-0.0028565278061003,0.2673465268591934,-0.3352195064460837,-0.41777628161223607,-0.006141688092570615,0.08255677516615234,0.06784864092259237
2019-01-03,-0.004327710619470053,0.02216626597997809,0.0219374339050034,0.26301881623972334,-0.3130532404661056,-0.39583884770723266,0.0002288320749746879,0.08278560724112705,0.06541334179165612
2019-01-04,-0.0031118733577513995,0.017828972487197177,0.0096227727770837,0.2599069428819719,-0.29522426797890844,-0.386216074930149,0.008206199710113478,0.09099180695124054,0.06498445822394282
2019-01-07,-0.004204143088011371,-0.003339493975723822,-0.0021642500604554,0.25570279979396054,-0.29856376195463225,-0.3883803249906044,-0.0011752439152684217,0.08981656303597213,0.06376187212339382
2019-01-08,-0.002949110866569157,0.002055760002098714,0.0065767205552051,0.25275368892739136,-0.2965080019525335,-0.3818036044353993,-0.004520960553106386,0.08529560248286577,0.06408725452701527
2019-01-09,-0.001605396236566293,-0.0029778221084751323,-0.0039217852003664,0.25114829269082506,-0.29948582406100865,-0.3857253896357657,0.000943963091891268,0.08623956557475704,0.06429736599955393
2019-01-10,0.0004025315599194881,0.008632395316189671,0.006835418054229,0.25155082425074454,-0.290853428744819,-0.3788899715815367,0.001796977261960671,0.08803654283671769,0.06605417926616944
2019-01-11,-0.004318130117629366,-0.009403133914903966,-0.0073505336146019,0.2472326941331152,-0.300256562659723,-0.3862405051961386,-0.002052600300302066,0.08598394253641561,0.06937610728110477
2019-01-14,0.0011053429843266799,0.011648950194839969,0.0138541509027997,0.24833803711744187,-0.28860761246488303,-0.37238635429333894,-0.0022052007079597317,0.0837787418284559,0.06331158298095182
2019-01-15,0.008033535255141971,0.003100821782449948,-0.0002564405276381,0.25637157237258384,-0.28550679068243306,-0.37264279482097706,0.003357262310088048,0.087136004138544,0.060918358947891035
2019-01-16,-0.00436786075405664,-0.012920027393990053,-0.0056183320106499,0.2520037116185272,-0.29842681807642313,-0.37826112683162694,-0.0073016953833401526,0.07983430875520381,0.058876622821154356
2019-01-17,0.0037657478562430798,0.007765730556157873,0.013238311322704,0.25576945947477026,-0.29066108752026526,-0.36502281550892296,-0.005472580766546126,0.0743617279886577,0.05940610568154176
2019-01-18,0.001864146624266186,0.00728152879939281,0.0058912100137822,0.25763360609903646,-0.28337955872087245,-0.3591316054951408,0.0013903187856106102,0.07575204677426833,0.06084018354923253
2019-01-21,0.004352614383102231,-0.0072183231765256565,-0.0121968115288609,0.2619862204821387,-0.2905978818973981,-0.37132841702400166,0.004978488352335243,0.08073053512660355,0.06102199391716702
2019-01-22,-2.102297879383207e-05,0.0014924279867566039,0.0008981509623474,0.2619651975033449,-0.2891054539106415,-0.37043026606165425,0.0005942770244092039,0.08132481215101273,0.06302380703122604
2019-01-23,0.0026717462284738523,0.005362417531218907,0.0043607279317799,0.26463694373181873,-0.2837430363794226,-0.36606953812987436,0.0010016895994390072,0.08232650175045175,0.061508340285450366
2019-01-24,0.005228784995912796,-0.0053865283867708166,0.0029098062420202,0.2698657287277315,-0.28912956476619345,-0.36315973188785416,-0.008296334628791016,0.07403016712166072,0.06371603482362499
2019-01-25,0.005452163233598184,-0.005898633275077238,-0.0024621611733707,0.2753178919613297,-0.2950281980412707,-0.3656218930612249,-0.003436472101706538,0.07059369501995422,0.06584272665049402
2019-01-28,0.00047069914658032724,-0.021154447402798465,-0.0040050374112362,0.27578859110791004,-0.31618264544406915,-0.3696269304724611,-0.017149409991562264,0.053444285028391936,0.06392659328010974
2019-01-29,0.007222410132451896,-0.012685184263482776,-0.0088748105896917,0.28301100124036194,-0.3288678297075519,-0.3785017410621528,-0.0038103736737910756,0.04963391135460088,0.06460985467495187
2019-01-30,0.004191641797318615,-0.017343483364685164,0.0017627153310517,0.28720264303768056,-0.34621131307223707,-0.3767390257311011,-0.019106198695736865,0.030527712658864004,0.06223314177926299
2019-01-31,-0.0014063766694542448,0.027418480536987092,0.0164454144130792,0.2857962663682263,-0.31879283253525,-0.36029361131802184,0.010973066123907891,0.04150077878277186,0.06054342122138654
2019-02-01,-0.004321424193662559,0.024979220018827932,0.017391987787944,0.28147484217456376,-0.2938136125164221,-0.34290162353007786,0.007587232230883933,0.049088011013655786,0.05994251484654583
2019-02-11,-0.005081255778145555,0.012369041182558183,0.0079233849464341,0.2763935863964182,-0.2814445713338639,-0.3349782385836438,0.004445656236124083,0.05353366724977987,0.06052772316118279
2019-02-12,-5.9587808419468734e-05,0.017920704471369467,0.0178161629632656,0.27633399858799873,-0.26352386686249446,-0.3171620756203782,0.00010454150810386767,0.05363820875788372,0.062128029331236866
2019-02-13,-0.002340186332736942,0.003919187959828814,0.0012294734039953,0.2739938122552618,-0.25960467890266564,-0.31593260221638286,0.002689714555833514,0.05632792331371722,0.06358945991950886
2019-02-14,-0.0005557126580378335,-0.0014353176415572936,-0.0127143461934541,0.273438099597224,-0.26103999654422294,-0.32864694840983694,0.011279028551896806,0.067606951865614,0.06357899351045196
2019-02-15,-0.004724054355098142,0.03145787402776192,0.0296285103225211,0.26871404524212583,-0.229582122516461,-0.2990184380873158,0.0018293637052408211,0.0694363155708548,0.06524020401323415
2019-02-18,-0.007191660934275555,-6.850067132852627e-05,0.0003060783742927,0.2615223843078503,-0.22965062318778953,-0.2987123597130231,-0.0003745790456212263,0.06906173652523359,0.06452379322436412
2019-02-19,-0.0007440315488910854,0.001875355266818367,0.0026760232960936,0.2607783527589592,-0.22777526792097116,-0.2960363364169295,-0.0008006680292752331,0.06826106849595834,0.06660036259257159
2019-02-20,-0.0005114519781706395,-0.0034460004911919147,-0.003407111890974,0.26026690078078857,-0.2312212684121631,-0.2994434483079035,-3.888860021791481e-05,0.06822217989574039,0.06818490959385809
2019-02-21,-0.0055626510592011475,0.017793818767388916,0.0191276872797856,0.2547042497215874,-0.21342744964477417,-0.2803157610281179,-0.0013338685123966826,0.06688831138334372,0.06241633754806545
2019-02-22,-0.007450977121767486,0.04429569886991895,0.0543796976081246,0.2472532725998199,-0.1691317507748552,-0.22593606341999328,-0.010083998738205646,0.05680431264513808,0.0615214890117063
2019-02-25,-0.0010600725133246064,-0.0022046710156449355,-0.0080396762078166,0.2461932000864953,-0.17133642179050015,-0.23397573962780988,0.005835005192171665,0.06263931783730972,0.06043991599690735
2019-02-26,-0.0016333565907599536,-0.0037412044208427414,-0.0001560870922231,0.24455984349573537,-0.1750776262113429,-0.23413182672003297,-0.0035851173286196416,0.05905420050869006,0.05737350147847384
2019-02-27,0.008639063343442178,0.011559225377862007,-0.0022163034529464,0.25319890683917756,-0.1635184008334809,-0.23634813017297937,0.013775528830808407,0.07282972933949847,0.05580780605198849
2019-02-28,-0.0017519940727668307,0.004211215523382585,0.0158306749967308,0.25144691276641074,-0.15930718531009833,-0.22051745517624857,-0.011619459473348217,0.061210269866150246,0.05993845260414546
2019-03-01,-0.003067352446702495,0.016250068175039236,0.013551427585616,0.24837956031970823,-0.1430571171350591,-0.20696602759063257,0.0026986405894232363,0.06390891045557348,0.05708897335888376
2019-03-04,-0.01086871388690644,0.020367276087285818,0.0119143139613689,0.2375108464328018,-0.12268984104777327,-0.19505171362926366,0.008452962125916917,0.07236187258149039,0.05576148441027245
2019-03-05,-0.00944195440526931,0.014786510195411438,0.0133798988578763,0.22806889202753247,-0.10790333085236183,-0.18167181477138736,0.0014066113375351373,0.07376848391902553,0.05405565731280143
2019-03-06,-0.006858744147182184,0.011200670599756208,-0.0008832669381295,0.2212101478803503,-0.09670266025260561,-0.18255508170951687,0.012083937537885708,0.08585242145691126,0.050966753735602
2019-03-07,0.009294649711933526,-0.04079739104041794,-0.0426703885659484,0.23050479759228382,-0.13750005129302356,-0.22522547027546527,0.0018729975255304607,0.08772541898244171,0.04757935879579377
2019-03-08,0.00023572359465564614,0.042157452964169735,0.0256992769932573,0.23074052118693947,-0.09534259832885383,-0.19952619328220797,0.016458175970912436,0.10418359495335414,0.04319854549399069
2019-03-11,-0.001078723303909427,0.017906723230575208,0.0121273175554188,0.22966179788303004,-0.07743587509827862,-0.18739887572678918,0.005779405675156408,0.10996300062851055,0.05002124263367158
2019-03-12,0.004784762444214354,-0.015876062404409936,-0.0146904640296736,0.2344465603272444,-0.09331193750268856,-0.2020893397564628,-0.0011855983747363352,0.10877740225377423,0.05359994689489794
2019-03-13,0.009572561456835405,-0.022037739030282107,-0.0150706703732879,0.2440191217840798,-0.11534967653297067,-0.2171600101297507,-0.006967068656994207,0.10181033359678003,0.05583834525736064
2019-03-14,0.0005406108862169019,0.016478927462061425,0.0115257914182647,0.2445597326702967,-0.09887074907090924,-0.205634218711486,0.004953136043796725,0.10676346964057674,0.05383887975016007
2019-03-15,0.0034389878121451763,0.025420499714756708,0.0244443210595683,0.2479987204824419,-0.07345024935615253,-0.18118989765191768,0.0009761786551884082,0.10773964829576514,0.05024564573948091
2019-03-18,0.00162496192431297,0.005188103744163238,-0.0010386005151526,0.24962368240675487,-0.06826214561198929,-0.18222849816707026,0.006226704259315838,0.11396635255508097,0.052800872491039444
2019-03-19,-0.001015167781060125,-0.00046372704412716117,-0.0014302175232411,0.24860851462569475,-0.06872587265611645,-0.18365871569031136,0.0009664904791139389,0.11493284303419492,0.054670337959478885
2019-03-20,-0.00522416131004132,0.007584803440424948,0.0042465819751163,0.24338435331565342,-0.0611410692156915,-0.17941213371519507,0.0033382214653086472,0.11827106449950357,0.06126656929082707
2019-03-21,0.0008572719768007294,0.00609307773433463,0.0008862142403085,0.24424162529245413,-0.05504799148135687,-0.17852591947488658,0.00520686349402613,0.12347792799352972,0.0650915041251983
2019-03-22,0.006199192900114664,-0.004273268724881195,-0.0187560191244772,0.2504408181925688,-0.05932126020623806,-0.19728193859936377,0.014482750399596006,0.1379606783931257,0.06493190017001428
2019-03-25,0.0070396024297466955,-0.022573655513802734,-0.0173685418408224,0.2574804206223155,-0.08189491572004079,-0.21465048044018617,-0.0052051136729803354,0.13275556472014538,0.060270084707896555
2019-03-26,0.0031473256401736084,0.009627654278367894,0.008821149037225,0.26062774626248914,-0.07226726144167289,-0.20582933140296117,0.0008065052411428946,0.13356206996128828,0.05579836824246264
2019-03-27,0.01008842448621499,-0.007301324169570235,-0.0091615984868105,0.27071617074870413,-0.07956858561124312,-0.21499092988977167,0.0018602743172402647,0.13542234427852856,0.053686995644337536
2019-03-28,-0.0023915178820758565,0.024078826907203754,0.0317806755048708,0.26832465286662827,-0.05548975870403937,-0.18321025438490088,-0.007701848597667045,0.12772049568086152,0.05571247395928049
2019-03-29,-0.006036968249348246,0.031478768109869354,0.0289157997092267,0.26228768461728,-0.024010990594170015,-0.15429445467567418,0.0025629684006426533,0.13028346408150415,0.05903322381521042
2019-04-01,-0.0022021261544240608,0.004364191814347684,0.0009959600555372,0.26008555846285597,-0.019646798779822332,-0.15329849462013698,0.003368231758810484,0.13365169584031464,0.05854070905475134
2019-04-02,-0.002163317911726974,0.008727711811975188,0.0110267405212969,0.257922240551129,-0.010919086967847144,-0.14227175409884008,-0.0022990287093217123,0.13135266713099292,0.057164959570168705
2019-04-03,-0.0037915607122992736,0.0011540609657192894,0.008141213873208,0.25413067983882975,-0.009765026002127855,-0.1341305402256321,-0.006987152907488711,0.12436551422350424,0.05532964085777459
2019-04-04,-0.006558590513321057,-0.00870684456907706,-0.0024391107796338,0.2475720893255087,-0.018471870571204915,-0.13656965100526589,-0.00626773378944326,0.11809778043406097,0.05101873647371469
2019-04-08,0.0011023102404045975,0.005133794327431831,0.0003726992506791,0.2486743995659133,-0.013338076243773082,-0.1361969517545868,0.004761095076752732,0.1228588755108137,0.055105909777669236
2019-04-09,-0.00033505043880995944,-0.00013990150078505606,-0.0007184468084606,0.24833934912710334,-0.013477977744558138,-0.13691539856304738,0.0005785453076755439,0.12343742081848924,0.059017728776258264
2019-04-10,-0.00013194792705961637,-0.01887788239254688,-0.0184750303904839,0.24820740120004373,-0.032355860137105015,-0.15539042895353128,-0.0004028520020629804,0.12303456881642627,0.059944005509298084
2019-04-11,0.00010878494783345802,-0.0023883089991693033,-0.0011128331812969,0.24831618614787718,-0.03474416913627432,-0.15650326213482818,-0.0012754758178724034,0.12175909299855386,0.06357868061537586
2019-04-12,0.0038930927020133363,-0.006273450649861686,-0.0043942915926193,0.25220927884989053,-0.041017619786136,-0.1608975537274475,-0.0018791590572423862,0.1198799339413115,0.06286470169220212
2019-04-15,-0.005068439267360942,0.01627782331904908,0.0239294718738194,0.24714083958252958,-0.024739796467086923,-0.13696808185362808,-0.0076516485547703204,0.11222828538654116,0.06279384794658013
2019-04-16,-0.004428972384509569,0.006822649170767036,0.0038853379856564,0.24271186719802001,-0.017917147296319887,-0.13308274386797167,0.002937311185110636,0.11516559657165179,0.06508480598802195
2019-04-17,-0.0006239861424904346,-0.006197809480719729,-0.0055073228442824,0.24208788105552959,-0.024114956777039617,-0.13859006671225407,-0.0006904866364373288,0.11447510993521445,0.06067081678111602
2019-04-18,-0.001267761183228021,0.00700905066867296,0.0076283655031633,0.24082011987230156,-0.017105906108366657,-0.1309617012090908,-0.0006193148344903398,0.11385579510072413,0.057733177662086695
2019-04-19,0.00228259346839667,-0.01166697974251268,-0.0180000695962831,0.24310271334069825,-0.028772885850879337,-0.14896177080537387,0.006333089853770419,0.12018888495449453,0.058472311322044744
2019-04-22,0.004311579313141714,-0.017276981496651706,-0.0080318118145202,0.24741429265383996,-0.04604986734753104,-0.15699358261989407,-0.009245169682131507,0.11094371527236303,0.05791342306122755
2019-04-23,-0.001245647412318347,0.010037626025669433,0.0045080222664411,0.24616864524152163,-0.03601224132186161,-0.15248556035345298,0.005529603759228333,0.11647331903159137,0.05697122529007444
2019-04-24,0.012152384230957308,-0.034825041760164786,-0.0280942704751491,0.2583210294724789,-0.07083728308202639,-0.18057983082860207,-0.006730771285015685,0.10974254774657569,0.05487509341128767
2019-04-25,0.00730344210945223,-0.007825384207027984,-0.0121585900042967,0.26562447158193114,-0.07866266728905437,-0.19273842083289877,0.004333205797268716,0.1140757535438444,0.054422825280016025
2019-04-26,0.014063366081187877,-0.029738838883125035,-0.0115772168662027,0.279687837663119,-0.1084015061721794,-0.20431563769910147,-0.018161622016922334,0.09591413152692206,0.053816327099842264
2019-04-29,0.0009720789804109235,0.009403628472026072,0.0050932616760548,0.2806599166435299,-0.09899787770015334,-0.19922237602304665,0.004310366795971272,0.10022449832289332,0.05408697261677519
2019-04-30,0.005938952876889629,-0.07538693121835496,-0.064093342963868,0.2865988695204195,-0.1743848089185083,-0.26331571898691464,-0.011293588254486966,0.08893091006840634,0.05307887833025195
2019-05-06,0.0038436219441607884,0.0170893428320028,0.0089177668984443,0.2904424914645803,-0.1572954660865055,-0.2543979520884703,0.0081715759335585,0.09710248600196483,0.05507065901499916
2019-05-07,0.0035491527845878928,0.0012072884433324636,-0.0103870331575191,0.2939916442491682,-0.15608817764317304,-0.2647849852459894,0.011594321600851564,0.10869680760281639,0.052306712372616936
2019-05-08,0.007160646371618293,-0.004277386692672954,-0.0146547341273532,0.30115229062078647,-0.16036556433584598,-0.2794397193733426,0.010377347434680245,0.11907415503749663,0.055691526632701924
2019-05-09,-0.0036830655227623635,0.03224760173670779,0.0322000483882132,0.2974692250980241,-0.12811796259913819,-0.24723967098512942,4.7553348494593084e-05,0.11912170838599123,0.05480318584525986
2019-05-10,0.005763502871383641,-0.003779850061458809,-0.0126920457542893,0.30323272796940776,-0.131897812660597,-0.25993171673941873,0.008912195692830492,0.12803390407882173,0.057699372100193144
2019-05-13,0.001716383766226059,-0.006082362357496245,-0.0066532250552092,0.3049491117356338,-0.13798017501809323,-0.26658494179462794,0.0005708626977129544,0.1286047667765347,0.0525249297287136
2019-05-14,-0.005190137132237774,0.018083388685984143,0.020180561134738,0.29975897460339607,-0.1198967863321091,-0.24640438065988993,-0.0020971724487538583,0.12650759432778083,0.05365245971306439
2019-05-15,-0.0003327166839171584,0.006397952040521422,0.0048089978119853,0.2994262579194789,-0.11349883429158768,-0.24159538284790463,0.0015889542285361224,0.12809654855631697,0.05319551065713354
2019-05-16,0.003028714763917088,-0.0359480713255934,-0.0276743557739096,0.302454972683396,-0.14944690561718108,-0.26926973862181425,-0.008273715551683797,0.11982283300463317,0.051546823794898264
2019-05-17,0.005882456719958694,-0.0005756219941341753,-0.0048056236003285,0.3083374294033547,-0.15002252761131524,-0.27407536222214274,0.0042300016061943245,0.1240528346108275,0.051528157693745046
2019-05-20,-0.0002989403666513107,0.016964113678194823,0.0136267831841682,0.3080384890367034,-0.1330584139331204,-0.2604485790379745,0.003337330494026623,0.12739016510485413,0.05149084686689301
2019-05-21,0.0028719945285946027,-0.004700877656801586,-0.0052865256056417,0.310910483565298,-0.13775929158992198,-0.2657351046436162,0.000585647948840114,0.12797581305369424,0.04732068137304383
2019-05-22,0.005036268054599225,-0.02155941673604642,-0.0172275010022488,0.3159467516198972,-0.1593187083259684,-0.282962605645865,-0.004331915733797619,0.12364389731989661,0.04716327479845026
2019-05-23,0.006468198530666514,-0.004316542461282733,-0.0018184180525393,0.3224149501505637,-0.16363525078725114,-0.2847810236984043,-0.002498124408743433,0.12114577291115317,0.049503873463846944
2019-05-24,-0.00039726902531060133,0.026310859431406524,0.0159544741699701,0.3220176811252531,-0.13732439135584462,-0.2688265495284342,0.010356385261436424,0.1315021581725896,0.052711427081875616
2019-05-27,4.220648518431542e-05,0.00043693075495838333,0.0055905938973755,0.3220598876104374,-0.13688746060088625,-0.2632359556310587,-0.0051536631424171165,0.12634849503017248,0.05565395118841227
2019-05-28,0.004552714291974433,0.005496660865620067,-0.0001318123491041,0.32661260190241187,-0.13139079973526618,-0.2633677679801628,0.005628473214724167,0.13197696824489663,0.05352443522757681
2019-05-29,0.0058249181660240115,-0.004472995772698151,-0.0047507204051585,0.33243752006843585,-0.13586379550796435,-0.2681184883853213,0.0002777246324603489,0.13225469287735697,0.05216540485935136
2019-05-30,0.00662559089608571,0.002621128942162273,-0.0027133696800896,0.3390631109645216,-0.13324266656580208,-0.27083185806541094,0.005334498622251873,0.13758919149960885,0.051924714022139565
2019-05-31,0.006453270275642142,-0.011644292498124193,-0.0041436045631774,0.3455163812401637,-0.14488695906392626,-0.27497546262858835,-0.007500687934946793,0.1300885035646621,0.05215876990243158
2019-06-03,0.003783115680227614,-0.014774602036018911,-0.0101970397921408,0.3492994969203913,-0.15966156109994517,-0.28517250242072917,-0.004577562243878111,0.125510941320784,0.05420778640954956
2019-06-04,0.004877587338229721,0.003366793534164072,0.0003002392956292,0.35417708425862104,-0.1562947675657811,-0.28487226312509994,0.003066554238534872,0.12857749555931886,0.05600679189602198
2019-06-05,0.003991543877960526,-0.022974757191556026,-0.0146210058285978,0.35816862813658157,-0.17926952475733712,-0.29949326895369777,-0.008353751362958227,0.12022374419636064,0.05803081087049942
2019-06-06,-0.0006339102331690954,0.009783103109666917,0.0103155664203442,0.35753471790341246,-0.1694864216476702,-0.28917770253335356,-0.0005324633106772829,0.11969128088568337,0.0586616477702204
2019-06-10,-0.007334218674102697,0.030351551196308592,0.0281249045861766,0.35020049922930974,-0.1391348704513616,-0.26105279794717695,0.0022266466101319923,0.12191792749581534,0.05881998253451649
2019-06-11,0.0017855530899241617,-0.0038224837217365657,-0.0066178768764574,0.3519860523192339,-0.14295735417309818,-0.2676706748236343,0.002795393154720834,0.12471332065053614,0.06089036020528955
2019-06-12,-0.003363093851245257,0.006045080453960875,0.0007160015893938,0.34862295846798863,-0.1369122737191373,-0.26695467323424055,0.005329078864567075,0.13004239951510324,0.05926419450705921
2019-06-13,0.005159710067495153,-0.020035183761759657,-0.0120764048378169,0.3537826685354838,-0.15694745748089697,-0.27903107807205746,-0.007958778923942757,0.12208362059116049,0.05878879913626969
2019-06-14,0.0019079728006596223,0.003282568820107262,0.0004952430192169,0.3556906413361434,-0.1536648886607897,-0.2785358350528406,0.002787325800890362,0.12487094639205087,0.055924460780395244
2019-06-17,-0.0001152158857953846,-0.0015190152701798213,0.0012233876349699,0.35557542545034804,-0.1551839039309695,-0.2773124474178707,-0.0027424029051497214,0.12212854348690119,0.05685525168740959
2019-06-18,0.0003915099945222793,0.014331729566608525,0.0129107336755395,0.3559669354448703,-0.14085217436436098,-0.2644017137423312,0.0014209958910690254,0.1235495393779702,0.05942948412546631
2019-06-19,0.00019817802418897366,0.015385295092277396,0.022216386380719,0.35616511346905927,-0.12546687927208358,-0.2421853273616122,-0.006831091288441603,0.11671844808952861,0.06451939419440549
2019-06-20,0.0013799236502242721,0.018676970540603587,0.0063248612931802,0.35754503711928354,-0.10678990873147999,-0.235860466068432,0.012352109247423387,0.129070557336952,0.0655981541583016
2019-06-21,-0.0007777915136735926,-0.0013807292809220745,0.0011094565069221,0.35676724560560996,-0.10817063801240206,-0.2347510095615099,-0.0024901857878441742,0.12658037154910784,0.06205425471351667
2019-06-24,0.0023541194994180013,-0.009097897456276302,-0.0096392349402953,0.35912136510502796,-0.11726853546867837,-0.24439024450180521,0.0005413374840189979,0.12712170903312686,0.06553786938276888
2019-06-25,0.00709444871830407,0.0036436202978664942,-0.0014773522341867,0.366215813823332,-0.11362491517081187,-0.24586759673599193,0.005120972532053195,0.13224268156518004,0.06512293460776714
2019-06-26,0.0009491548364084817,0.007175727822841204,0.0085216674630804,0.3671649686597405,-0.10644918734797067,-0.23734592927291154,-0.0013459396402391967,0.13089674192494088,0.0725608951939152
2019-06-27,0.006294059224786023,-0.010562900736131677,-0.0063583437937603,0.37345902788452656,-0.11701208808410235,-0.24370427306667183,-0.004204556942371376,0.12669218498256948,0.0721936491236025
2019-06-28,-0.0022673465420781206,0.027101385017124387,0.0251038724828797,0.37119168134244845,-0.08991070306697796,-0.21860040058379213,0.0019975125342446866,0.12868969751681417,0.07059815117113476
2019-07-01,0.006813816264956722,0.003826236727432701,-2.532280264156252e-05,0.37800549760740515,-0.08608446633954525,-0.21862572338643368,0.0038515595300742636,0.13254125704688843,0.06339581126365701
2019-07-02,0.0020661776688309626,-0.008962068856539015,-0.0087718346811965,0.3800716752762361,-0.09504653519608426,-0.22739755806763018,-0.00019023417534251574,0.13235102287154593,0.05960955968241806
2019-07-03,0.002134560066430808,-0.0026772743309204654,-0.0041371217392383,0.3822062353426669,-0.09772380952700473,-0.23153467980686848,0.0014598474083178342,0.13381087027986377,0.05879888979188365
2019-07-04,0.003957100165834632,0.005413461131946817,0.0027945898737312,0.3861633355085015,-0.0923103483950579,-0.22874008993313727,0.002618871258215617,0.13642974153807935,0.059451438131971346
2019-07-05,0.007582688685434498,-0.031241651483503084,-0.0264926391149647,0.393746024193936,-0.12355199987856098,-0.25523272904810196,-0.004749012368538384,0.131680729169541,0.06287691690815747
2019-07-08,-0.0018627421854349206,0.0025067021009124875,-0.0007501997292601,0.3918832820085011,-0.1210452977776485,-0.25598292877736206,0.0032569018301725873,0.13493763099971356,0.06979251787467144
2019-07-09,0.003318152230200837,-0.004449974076587335,-0.0049075456920974,0.3952014342387019,-0.12549527185423584,-0.26089047446945945,0.00045757161551006516,0.13539520261522361,0.0674912357729648
2019-07-10,0.0016659235395572577,0.0012709014484970482,0.0006340203771346,0.39686735777825916,-0.12422437040573879,-0.26025645409232484,0.0006368810713624481,0.13603208368658604,0.06714622452305793
2019-07-11,0.001090257216419831,0.0031885511243228606,0.0059906389552443,0.39795761499467897,-0.12103581928141594,-0.2542658151370805,-0.0028020878309214393,0.13322999585566458,0.06679117966612226
2019-07-12,-0.00341149493912027,0.006536527527779524,0.0055077195555428,0.39454612005555867,-0.1144992917536364,-0.24875809558153772,0.0010288079722367248,0.1342588038279013,0.06771237925279226
2019-07-15,-0.0006436941964704418,0.002447804010654553,-0.0014684577890466,0.39390242585908825,-0.11205148774298185,-0.2502265533705843,0.003916261799701153,0.13817506562760246,0.06694967398318964
2019-07-16,-7.345999495358727e-05,-3.360007402980374e-05,-0.0008350347651256,0.3938289658641347,-0.11208508781701165,-0.2510615881357099,0.0008014346910957963,0.13897650031869824,0.06968562488910705
2019-07-17,-0.0001947116604906078,-0.019504152438173723,-0.011318673644074,0.39363425420364406,-0.13158924025518537,-0.2623802617797839,-0.008185478794099723,0.13079102152459854,0.06809485758371338
2019-07-18,-0.00013235593125548412,0.00499376080080339,0.0080696156983001,0.3935018982723886,-0.126595479454382,-0.2543106460814838,-0.003075854897496711,0.1277151666271018,0.06636004086092226
2019-07-19,0.004094718221870188,-0.026785438868503094,-0.0134186293568614,0.39759661649425876,-0.15338091832288508,-0.2677292754383452,-0.013366809511641695,0.1143483571154601,0.06439996957329855
2019-07-22,-0.0014201133947327554,0.012058378552662646,0.0059722725832454,0.396176503099526,-0.14132253977022244,-0.2617570028550998,0.006086105969417247,0.12043446308487735,0.06218114013953274
2019-07-23,0.0019198612697504508,0.013327370899070294,0.0090516902916903,0.3980963643692765,-0.12799516887115214,-0.2527053125634095,0.004275680607379994,0.12471014369225736,0.05998735726393973
2019-07-24,0.0029431232998029444,0.004959826037805924,0.0052382761029249,0.40103948766907943,-0.12303534283334622,-0.2474670364604846,-0.0002784500651189766,0.12443169362713838,0.05845495845946658
2019-07-25,0.0025370391842544438,0.002191356501698702,0.0013741817259798,0.4035765268533339,-0.12084398633164752,-0.2460928547345048,0.0008171747757189018,0.12524886840285726,0.05743654179333969
2019-07-26,0.002572142640981396,0.0013845344226915135,-0.0007776909861013,0.4061486694943153,-0.119459451908956,-0.2468705457206061,0.0021622254087928137,0.1274110938116501,0.059839066249314926
2019-07-29,0.0027213235753065,0.006239559110184842,0.0043107022622238,0.4088699930696218,-0.11321989279877116,-0.2425598434583823,0.0019288568479610413,0.12933995065961112,0.06015073807378078
2019-07-30,0.004327757733710183,-0.0036487210468577405,-0.0070214188614364,0.413197750803332,-0.11686861384562891,-0.2495812623198187,0.0033726978145786598,0.1327126484741898,0.06438872566959795
2019-07-31,0.0030687711741144287,-0.002011995356203042,-0.007148519301761,0.4162665219774464,-0.11888060920183195,-0.2567297816215797,0.005136523945557958,0.13784917241974776,0.06413457250421892
2019-08-01,0.004193950179076677,-0.014153974607643642,-0.014864137074213,0.4204604721565231,-0.13303458380947558,-0.27159391869579275,0.0007101624665693581,0.13855933488631716,0.06365898718262859
2019-08-02,0.0008018511901210093,-0.010702712851505591,-0.0162535993097497,0.4212623233466441,-0.14373729666098117,-0.2878475180055424,0.005550886458244107,0.14411022134456125,0.06327632506793748
2019-08-05,0.003883724081517806,-0.026540034589954922,-0.0164958133832842,0.4251460474281619,-0.17027733125093608,-0.30434333138882663,-0.010044221206670721,0.13406600013789055,0.06240872375057813
2019-08-06,0.004410009539366652,-0.0011913345991367576,-0.003760972526929,0.4295560569675286,-0.17146866585007284,-0.3081043039157556,0.0025696379277922424,0.13663563806568277,0.06412311709152786
2019-08-07,-0.0004946432122858777,0.0060352156921512435,0.0097574436155389,0.4290614137552427,-0.1654334501579216,-0.29834686030021673,-0.003722227923387657,0.13291341014229513,0.06327718951035731
2019-08-08,0.003221333789518174,-0.009975364199643892,-0.0085564940562342,0.43228274754476087,-0.1754088143575655,-0.30690335435645094,-0.001418870143409693,0.13149453999888544,0.06332637784940019
2019-08-09,-0.0014735049615918975,0.016079187827290575,0.0157441059917423,0.430809242583169,-0.15932962653027494,-0.29115924836470863,0.0003350818355482739,0.1318296218344337,0.06184779070538588
2019-08-12,0.0013332381064906304,-0.0046341981247980165,-0.0069956035420279,0.4321424806896596,-0.16396382465507295,-0.2981548519067365,0.002361405417229884,0.13419102725166357,0.060044302144254956
2019-08-13,0.0037658054013064387,0.00846592524119412,0.0047523215001223,0.43590828609096605,-0.15549789941387882,-0.29340253040661424,0.0037136037410718196,0.13790463099273542,0.06097579888770477
2019-08-14,-0.00017332690481378614,0.0042776134732786675,0.0032629898295355,0.43573495918615224,-0.15122028594060014,-0.29013954057707875,0.0010146236437431674,0.1389192546364786,0.06408432617585012
2019-08-15,0.0034313413049256946,0.006105794925470713,0.0034531074878289,0.4391663004910779,-0.1451144910151294,-0.28668643308924985,0.0026526874376418133,0.14157194207412044,0.06332300960673591
2019-08-16,-0.00046300204234588484,0.029572399848298906,0.0228493829868133,0.438703298448732,-0.11554209116683051,-0.2638370501024365,0.006723016861485607,0.148294958935606,0.06139733134118018
2019-08-19,-0.0004836650629670616,0.0016667900690802333,-0.0007152651295374,0.438219633385765,-0.11387530109775028,-0.2645523152319739,0.0023820551986176333,0.15067701413422363,0.06274415326740515
2019-08-20,-8.310448327983055e-05,0.0011087413382351726,-0.0002816222109887,0.43813652890248517,-0.1127665597595151,-0.26483393744296263,0.0013903635492238727,0.15206737768344752,0.05964788794790256
2019-08-21,-0.0018008421156204216,0.00300442653885902,0.001633147766652,0.43633568678686474,-0.10976213322065609,-0.2632007896763106,0.00137127877220702,0.15343865645565452,0.06434954199086626
2019-08-22,-0.0001396785018490489,-0.0017799811040226416,0.0033793314903308,0.4361960082850157,-0.11154211432467873,-0.2598214581859798,-0.0051593125943534416,0.14827934386130107,0.06702944790985146
2019-08-23,-0.0003724606782451445,-0.007008417070297683,-0.0107685680576831,0.43582354760677056,-0.11855053139497641,-0.2705900262436629,0.0037601509873854176,0.1520394948486865,0.06873898234781667
2019-08-26,-0.0019372964459656926,0.017608819511863646,0.0145304372334204,0.43388625116080487,-0.10094171188311277,-0.2560595890102425,0.003078382278443247,0.15511787712712974,0.0696142390356233
2019-08-27,0.00191188573044326,0.00015448337303774744,-0.0030863154600817,0.43579813689124813,-0.10078722851007502,-0.2591459044703242,0.003240798833119447,0.1583586759602492,0.06641184961358036
2019-08-28,0.00040712386128032236,2.8269531661756503e-05,-0.001414086717042,0.43620526075252847,-0.10075895897841326,-0.2605599911873662,0.0014423562487037565,0.15980103220895298,0.062352815740856014
2019-08-29,0.004841304244280717,-0.012987014217122951,-0.0039358913738441,0.44104656499680917,-0.11374597319553621,-0.2644958825612103,-0.009051122843278851,0.15074990936567412,0.06287016702264667
2019-08-30,-0.00023058093581262501,0.02305937072512207,0.0153533390510022,0.44081598406099654,-0.09068660247041414,-0.24914254351020812,0.00770603167411987,0.158455941039794,0.06439394948386282
2019-09-02,-0.0009069602817508376,0.0057283452094906056,0.0031454121912061,0.4399090237792457,-0.08495825726092354,-0.24599713131900203,0.0025829330182845054,0.16103887405807848,0.0647951444825592
2019-09-03,-0.0019237495252047401,0.006762279337060381,0.0089425186100308,0.43798527425404093,-0.07819597792386317,-0.2370546127089712,-0.0021802392729704193,0.15885863478510803,0.06643642397003888
2019-09-04,-0.001260929772973318,0.007843724021985642,0.0093081368425427,0.4367243444810676,-0.07035225390187752,-0.22774647586642852,-0.001464412820557058,0.157394221964551,0.06521525706514264
2019-09-05,0.0012105552564554275,0.0049890443397804666,0.0043773904770668,0.43793489973752303,-0.06536320956209705,-0.2233690853893617,0.0006116538627136663,0.15800587582726466,0.06434882176219425
2019-09-06,-0.0009110488511951395,0.019920759598713166,0.0110787287907141,0.4370238508863279,-0.04544244996338389,-0.21229035659864762,0.008842030807999066,0.16684790663526372,0.06556016076520972
2019-09-09,-0.0021849376868301146,0.001391050227076119,-0.0017753691049116,0.4348389131994978,-0.04405139973630777,-0.21406572570355922,0.0031664193319877187,0.17001432596725147,0.06349412851502352
2019-09-10,0.001735778900942753,-0.005188169639540681,-0.0051386714178541,0.43657469210044053,-0.04923956937584845,-0.21920439712141332,-4.94982216865808e-05,0.16996482774556487,0.059991639619499194
2019-09-11,0.000840566175738334,0.006404492260379638,0.0068080741613192,0.4374152582761789,-0.042835077115468814,-0.2123963229600941,-0.00040358190093956175,0.16956124584462529,0.06108875280861728
2019-09-12,0.0003927678108539497,0.00338707603333248,-0.0001504411195609,0.43780802608703284,-0.039448001082136336,-0.212546764079655,0.0035375171528933803,0.17309876299751867,0.0602606416731445
2019-09-16,0.005507851385967551,-0.020004047547473827,-0.0182574066341475,0.4433158774730004,-0.05945204862961016,-0.2308041707138025,-0.0017466409133263285,0.17135212208419232,0.058415960137302644
2019-09-17,0.007285639651571445,0.006157493829819799,0.0021404972263647,0.4506015171245718,-0.05329455479979037,-0.2286636734874378,0.0040169966034550985,0.17536911868764743,0.05907051750117407
2019-09-18,0.003075565067690402,0.012151401421443976,0.005867524825609,0.4536770821922622,-0.04114315337834639,-0.22279614866182879,0.006283876595834976,0.1816529952834824,0.05780128371421845
2019-09-19,0.0027248758498402935,0.002899591130897099,0.0021868905021832,0.4564019580421025,-0.03824356224744929,-0.22060925815964558,0.0007127006287138992,0.18236569591219629,0.061099227443725326
2019-09-20,0.006555895202786383,-0.004950287334789041,-0.0099539017118717,0.46295785324488886,-0.04319384958223833,-0.23056315987151726,0.0050036143770826585,0.18736931028927895,0.06524188819316176
2019-09-23,0.002898136177077047,0.0037567915197997746,0.0022805587864175,0.46585598942196593,-0.03943705806243856,-0.22828260108509976,0.0014762327333822747,0.1888455430226612,0.06305768432056723
2019-09-24,0.005357897214834327,-0.01594497233246533,-0.0116868330318336,0.47121388663680025,-0.055382030394903886,-0.23996943411693336,-0.004258139300631731,0.18458740372202947,0.06318776728295682
2019-09-25,0.005749059756992288,-0.02461613429601308,-0.0137195685600183,0.47696294639379255,-0.07999816469091697,-0.25368900267695166,-0.01089656573599478,0.17369083798603469,0.0665910216532154
2019-09-26,0.0018379499384924046,0.010031642970474309,0.00357064854609,0.47880089633228495,-0.06996652172044267,-0.25011835413086164,0.006460994424384308,0.180151832410419,0.06290755096166929
2019-09-27,0.00480050904521144,-0.0081469609896423,-0.009799211379862,0.4836014053774964,-0.07811348271008497,-0.25991756551072365,0.0016522503902196995,0.18180408280063867,0.0630999916316181
2019-09-30,-0.0002501277709494295,0.001922338126870597,0.0029397057947559,0.483351277606547,-0.07619114458321438,-0.25697785971596776,-0.001017367667885303,0.18078671513275338,0.06335577880039217
2019-10-08,0.000527039022666819,0.0092416797055933,0.0047585211133725,0.4838783166292138,-0.06694946487762109,-0.25221933860259527,0.0044831585922208,0.18526987372497417,0.06474321211514324
2019-10-09,0.0008517110941947077,0.013125297819565208,0.0095599653174757,0.4847300277234085,-0.05382416705805588,-0.24265937328511958,0.003565332502089508,0.1888352062270637,0.06721355235923908
2019-10-10,-0.0006705080033196078,0.0009458506526395127,0.0070422060370176,0.4840595197200889,-0.05287831640541637,-0.23561716724810197,-0.006096355384378088,0.1827388508426856,0.07185785616598031
2019-10-11,-0.001995784678867353,0.013917528211774208,0.0121976383994122,0.4820637350412216,-0.03896078819364216,-0.22341952884868976,0.001719889812362008,0.1844587406550476,0.07413193940499416
2019-10-14,0.005056254530990563,-0.008303753298190946,-0.0072456442893855,0.48711998957221214,-0.04726454149183311,-0.23066517313807527,-0.0010581090088054466,0.18340063164624215,0.06882519929202177
2019-10-15,0.0035354899234014492,-0.004097308679728366,-0.0041725906644979,0.4906554794956136,-0.051361850171561474,-0.23483776380257318,7.52819847695341e-05,0.1834759136310117,0.06712984776251428
2019-10-16,0.0008937980741784466,-0.001291826955726689,-4.909195908094479e-05,0.49154927756979205,-0.05265367712728816,-0.23488685576165413,-0.0012427349966457441,0.18223317863436597,0.06409453769684063
2019-10-17,0.002929193086715411,-0.011023509142121905,-0.0127693919484936,0.49447847065650746,-0.06367718626941007,-0.24765624771014774,0.001745882806371694,0.18397906144073767,0.0655197701738976
2019-10-18,-0.0016543433631632015,-0.005173913980328158,0.0012430251199828,0.49282412729334424,-0.06885110024973823,-0.24641322259016493,-0.006416939100310957,0.1775621223404267,0.06662901895243657
2019-10-21,0.0033145156627780352,0.013685371137701,0.0061781057422775,0.49613864295612226,-0.05516572911203723,-0.24023511684788743,0.0075072653954235,0.1850693877358502,0.06554178758003319
2019-10-22,0.001899475861501404,-0.005206764551334376,-0.0052665686975749,0.49803811881762367,-0.06037249366337161,-0.2455016855454623,5.980414624052414e-05,0.1851291918820907,0.0667468199904223
2019-10-23,0.0019934081364545555,-0.000584335861377063,-0.0004135939187166,0.5000315269540783,-0.06095682952474867,-0.2459152794641789,-0.00017074194266046295,0.18495844993943023,0.06762823616636357
2019-10-24,0.00021344648196692983,0.006448347450060002,0.0059944959986569,0.5002449734360452,-0.05450848207468867,-0.239920783465522,0.0004538514514031023,0.18541230139083334,0.06886567043441771
2019-10-25,-0.00803528485713998,0.01300773122669822,0.0099450100610279,0.49220968857890524,-0.041500750847990445,-0.2299757734044941,0.0030627211656703204,0.18847502255650367,0.06805371122491723
2019-10-28,0.0006663400741941443,-0.01450955369491816,-0.0085725913683219,0.4928760286530994,-0.056010304542908604,-0.238548364772816,-0.005936962326596259,0.18253806022990737,0.06886481903784214
2019-10-29,0.0031856233746991227,-0.011486145082157102,-0.0060336105913678,0.4960616520277985,-0.06749644962506571,-0.2445819753641838,-0.005452534490789302,0.1770855257391181,0.06675507924152878
2019-10-30,0.004929627109510536,-0.008087260147282749,-0.0048025433788397,0.500991279137309,-0.07558370977234846,-0.2493845187430235,-0.003284716768443049,0.17380080897067504,0.06423791073841524
2019-10-31,0.00013688418291369093,0.009773694849471493,0.0107465880022442,0.5011281633202227,-0.06581001492287697,-0.2386379307407793,-0.0009728931527727067,0.17282791581790233,0.0649432239964779
2019-11-01,0.0006025316390252294,0.0031694488697659707,0.0059445119481917,0.5017306949592479,-0.062640566053111,-0.2326934187925876,-0.0027750630784257294,0.1700528527394766,0.0661664525538584
2019-11-04,-0.00015924872552023869,0.0012936450965552162,0.0053922270624829,0.5015714462337277,-0.06134692095655578,-0.22730119173010468,-0.004098581965927684,0.1659542707735489,0.06994334152663582
2019-11-05,0.004234046064497601,-0.006617865863956175,-0.0052159015843481,0.5058054922982254,-0.06796478682051195,-0.23251709331445278,-0.0014019642796080757,0.16455230649394081,0.06914216813302985
2019-11-06,-0.0018403497178245767,0.005762961582526255,0.0021234738642791,0.5039651425804008,-0.062201825237985696,-0.23039361945017367,0.003639487718247155,0.16819179421218797,0.06848619959307785
2019-11-07,0.004510783468776903,-7.196780718927984e-05,-0.0045939467804841,0.5084759260491777,-0.062273793045174976,-0.23498756623065778,0.00452197897329482,0.1727137731854828,0.06607193859570373
2019-11-08,-0.0003307617743459752,-0.025866287469898067,-0.0197335825760163,0.5081451642748317,-0.08814008051507305,-0.25472114880667407,-0.0061327048938817665,0.16658106829160102,0.06531231667090868
2019-11-11,-0.0023528712537173977,0.0020119493322892424,0.0015200640762116,0.5057922930211143,-0.08612813118278381,-0.2532010847304625,0.0004918852560776424,0.16707295354767868,0.06364504220731514
2019-11-12,0.0030293402682108122,-0.002572156429469386,-0.002612353346803,0.5088216332893251,-0.0887002876122532,-0.2558134380772655,4.019691733361374e-05,0.1671131504650123,0.06197205294863724
2019-11-13,4.132972469320914e-05,0.006308900420084232,0.0024455100954825,0.5088629630140182,-0.08239138719216896,-0.253367927981783,0.003863390324601732,0.17097654078961402,0.06095823746921067
2019-11-14,0.003913740154269314,-0.010781925852934778,-0.0077885634027354,0.5127767031682875,-0.09317331304510373,-0.2611564913845184,-0.002993362450199378,0.16798317833941467,0.06206687929928189
2019-11-15,-0.001032140887193484,0.006552405660751473,0.0063820170244894,0.511744562281094,-0.08662090738435226,-0.254774474360029,0.00017038863626207303,0.16815356697567674,0.0622295608039385
2019-11-18,-0.002176028183468587,0.015750317824470037,0.0112394574087703,0.5095685340976254,-0.07087058955988222,-0.24353501695125868,0.004510860415699737,0.17266442739137644,0.062126302746371494
2019-11-19,-0.000647104204113034,-0.006630325753789032,-0.0079439541999695,0.5089214298935123,-0.07750091531367126,-0.2514789711512282,0.0013136284461804683,0.17397805583755693,0.06326511364662847
2019-11-20,-0.0023392320329176488,-0.0019290415146950984,-0.0027978829685693,0.5065821978605947,-0.07942995682836636,-0.2542768541197975,0.0008688414538742016,0.17484689729143116,0.061364336772508826
2019-11-21,-0.0015821606485770328,-0.010831422701706492,-0.0093177854849555,0.5050000372120176,-0.09026137953007285,-0.263594639604753,-0.0015136372167509921,0.17333326007468014,0.0608549814399801
2019-11-22,-0.0027654810552438457,-0.007168868087353316,0.0037868899582502,0.5022345561567737,-0.09743024761742616,-0.2598077496465028,-0.010955758045603515,0.1623775020290766,0.06023043954624573
2019-11-25,0.0005021220889274793,-0.001295928180864389,0.0014051761976877,0.5027366782457012,-0.09872617579829056,-0.25840257344881506,-0.002701104378552089,0.1596763976505245,0.061151911464928564
2019-11-26,-0.0008995623425021552,-0.0023660569004541427,-0.0018954533575236,0.5018371159031991,-0.1010922326987447,-0.2602980268063387,-0.00047060354293054275,0.15920579410759397,0.060560069331916676
2019-11-27,0.0004302839895806489,-0.0026837599028857284,-0.004066299379376,0.5022673998927798,-0.10377599260163044,-0.2643643261857147,0.0013825394764902716,0.16058833358408425,0.059852369604447515
2019-11-28,0.00040078855584090787,0.0008941579379935659,-0.0051875343012178,0.5026681884486207,-0.10288183466363687,-0.2695518604869325,0.0060816922392113665,0.16667002582329565,0.06121366544895488
2019-11-29,-0.00014968576446117637,0.0016258474069374513,0.0018803461471114,0.5025185026841595,-0.10125598725669942,-0.2676715143398211,-0.00025449874017394875,0.16641552708312168,0.06260550861873096
2019-12-02,5.101646096500382e-05,0.0062592209927247846,0.0034864077380021,0.5025695191451246,-0.09499676626397463,-0.26418510660181904,0.0027728132547226846,0.1691883403378444,0.06420053777273159
2019-12-03,0.0014370271679999297,0.0018964569471529968,-0.0009298270846921,0.5040065463131246,-0.09310030931682163,-0.2651149336865111,0.002826284031845097,0.1720146243696895,0.06544638559159648
2019-12-04,0.001143470688206466,0.010959142644040444,0.0083885061706709,0.505150017001331,-0.08214116667278118,-0.25672642751584024,0.0025706364733695444,0.17458526084305906,0.0628223537379679
2019-12-05,6.446273316248837e-05,0.0067745532562560745,0.005270032783897,0.5052144797344935,-0.0753666134165251,-0.25145639473194326,0.0015045204723590742,0.17608978131541814,0.06372461613151027
2019-12-06,-0.002788450661850389,0.001233919692529881,7.037958078877636e-05,0.5024260290726431,-0.07413269372399522,-0.2513860151511545,0.0011635401117411047,0.17725332142715927,0.06295809589294864
2019-12-09,-0.003740239677122293,0.0026820584349109716,0.0015704567154547,0.49868578939552083,-0.07145063528908425,-0.2498155584356998,0.0011116017194562715,0.17836492314661556,0.0625758930933157
2019-12-10,0.00013281254569801808,-0.0030960294955424943,0.000162882249033,0.49881860194121885,-0.07454666478462675,-0.2496526761866668,-0.0032589117445754943,0.17510601140204007,0.06227405482088013
2019-12-11,0.0021377259215277613,-0.0009633974964776085,-0.0023316226983488,0.5009563278627466,-0.07551006228110436,-0.2519842988850156,0.0013682252018711915,0.17647423660391126,0.061679879918816356
2019-12-12,0.0020292624315582626,0.012643051094108813,0.016691756377315,0.5029855902943048,-0.06286701118699556,-0.2352925425077006,-0.004048705283206187,0.17242553132070504,0.06373335970803479
2019-12-13,-0.0017507238147769038,0.016379536499749544,0.0081030303960373,0.5012348664795279,-0.04648747468724601,-0.2271895121116633,0.008276506103712243,0.1807020374244173,0.06291461313739743
2019-12-16,-0.003842250628995361,0.009680497955864887,0.01244994985073,0.4973926158505325,-0.03680697673138113,-0.2147395622609333,-0.0027694518948651135,0.17793258552955216,0.06087506558168979
2019-12-17,-0.0009947494215619824,0.0009337495030331907,-0.0010819306794697,0.49639786642897055,-0.03587322722834794,-0.215821492940403,0.0020156801825028906,0.17994826571205508,0.05887763160829955
2019-12-18,-0.00016684063410231845,0.006298240785375575,0.0008162748866563,0.4962310257948682,-0.029574986442972365,-0.2150052180537467,0.005481965898719275,0.18543023161077432,0.05943061759466926
2019-12-19,0.006053268542102491,-0.006715953597983744,-0.005296488944981,0.5022842943369707,-0.03629094004095611,-0.2203017069987277,-0.0014194646530027444,0.18401076695777158,0.06028119589724223
2019-12-20,0.005503677917458427,-0.018107254990785693,-0.0161841024061907,0.5077879722544292,-0.0543981950317418,-0.2364858094049184,-0.0019231525845949914,0.1820876143731766,0.06506777427495448
2019-12-23,-0.0014195146538064395,0.014453165783440445,0.0088647141414445,0.5063684576006228,-0.03994502924830136,-0.2276210952634739,0.0055884516419959455,0.18767606601517256,0.06953216954989734
2019-12-24,3.2361785354192985e-05,0.0036006649712128215,0.0011317226346504,0.5064008193859769,-0.03634436427708854,-0.22648937262882352,0.002468942336562421,0.19014500835173498,0.06652614643905463
2019-12-25,0.0007776320751091738,0.008511235677277833,0.0078961686844507,0.5071784514610861,-0.027833128599810703,-0.21859320394437282,0.0006150669928271339,0.1907600753445621,0.06393338655584396
2019-12-26,0.002578999216118606,-0.005014744537084548,-0.0029584728227726,0.5097574506772047,-0.03284787313689525,-0.2215516767671454,-0.002056271714311948,0.18870380363025016,0.06552074257912253
2019-12-27,0.003677505919156252,0.007549379580328161,0.0107264979851306,0.513434956596361,-0.02529849355656709,-0.21082517878201482,-0.0031771184048024394,0.18552668522544774,0.06748649713207137
2019-12-30,4.118313406921172e-06,0.005634330394521394,0.0037023879040898,0.5134390749097679,-0.019664163162045695,-0.207122790877925,0.0019319424904315936,0.18745862771587932,0.05922852703914793
2019-12-31,-0.0051700618464450175,0.015846018203942557,0.0141089223778344,0.508269013063323,-0.0038181449581031375,-0.1930138685000906,0.0017370958261081568,0.18919572354198746,0.06064472835773845
2020-01-02,-0.0030083913922890706,0.0025835777600513882,0.0005281169580906,0.5052606216710339,-0.0012345671980517493,-0.192485751542,0.002055460801960788,0.19125118434394825,0.057201996765377405
2020-01-03,-0.004038635759408784,0.004740973444849032,0.0008530390358916,0.5012219859116251,0.0035064062467972824,-0.19163271250610842,0.0038879344089574317,0.1951391187529057,0.059504250478349396
2020-01-06,0.00035756343757275476,0.013244309847729452,0.008604261163525,0.5015795493491979,0.016750716094526732,-0.18302845134258341,0.0046400486842044526,0.19977916743711016,0.06120311554164188
2020-01-07,0.00408894466459313,-0.011347068124565964,-0.0127284533793475,0.505668494013791,0.005403647969960769,-0.1957569047219309,0.0013813852547815367,0.20116055269189168,0.062088121008716475
2020-01-08,0.0017811853802667645,0.016727226640911027,0.0115453480801819,0.5074496793940577,0.022130874610871796,-0.184211556641749,0.005181878560729127,0.2063424312526208,0.0633093195234748
2020-01-09,0.007389829381082906,0.002132499289396645,-0.001201646950036,0.5148395087751406,0.02426337390026844,-0.185413203591785,0.0033341462394326452,0.20967657749205346,0.06297473574300246
2020-01-10,0.0018655911069334651,0.011908479135199138,0.009672831734877,0.5167050998820741,0.03617185303546758,-0.175740371856908,0.0022356474003221386,0.21191222489237557,0.06048668679525011
2020-01-13,-0.00017702960337160305,-0.0008445684542288082,-0.0027524131272164,0.5165280702787025,0.035327284581238766,-0.1784927849841244,0.001907844672987592,0.21382006956536317,0.05929800822267387
2020-01-14,0.0044960348304919386,-0.0017039715201057108,-0.0045419134662777,0.5210241051091945,0.03362331306113305,-0.1830346984504021,0.00283794194617199,0.21665801151153516,0.05743449930988399
2020-01-15,0.0032147308946780693,-0.0018118452486630408,-0.0040321188228656,0.5242388360038726,0.03181146781247001,-0.1870668172732677,0.002220273574202559,0.21887828508573773,0.05593112009304266
2020-01-16,0.0034709383093994564,-0.002054353415938264,-0.0008735779147625,0.527709774313272,0.029757114396531746,-0.1879403951880302,-0.0011807755011757639,0.21769750958456197,0.0570770888305087
2020-01-17,-0.002973198644762779,0.0076997692992955965,0.0088877801631541,0.5247365756685093,0.037456883695827344,-0.17905261502487613,-0.0011880108638585027,0.21650949872070346,0.059829258073810426
2020-01-20,0.0019184059855243574,-0.00933753085967745,-0.0140681450135861,0.5266549816540337,0.028119352836149893,-0.19312076003846224,0.004730614153908651,0.22124011287461212,0.061379256854025205
2020-01-21,-0.0012214788784823372,-0.0010581335307625385,0.0042237011755403,0.5254335027755513,0.027061219305387355,-0.18889705886292193,-0.005281834706302838,0.2159582781683093,0.06062539601202103
2020-01-22,0.003288031507356473,-0.03332479829690309,-0.0303530414876742,0.5287215342829078,-0.006263578991515733,-0.21925010035059614,-0.0029717568092288878,0.21298652135908042,0.06075393342623217
2020-01-23,-0.00373493176386242,-0.09488599377457896,-0.0839558783078966,0.5249866025190454,-0.1011495727660947,-0.30320597865849275,-0.010930115466682364,0.20205640589239804,0.06200922922738513
2020-02-03,0.00014181308559764588,-0.0049941119606318396,0.0159934800058524,0.5251284156046431,-0.10614368472672653,-0.28721249865264037,-0.02098759196648424,0.18106881392591384,0.0595928963204391
2020-02-04,-0.00836306046589829,0.02180056405772241,0.0160983575078041,0.5167653551387448,-0.08434312066900412,-0.2711141411448363,0.00570220654991831,0.18677102047583216,0.05976001894569318
2020-02-05,-0.006363210372126814,0.022905775218697595,0.0204170640748076,0.5104021447666179,-0.06143734545030653,-0.2506970770700287,0.0024887111438899948,0.18925973161972215,0.060138981041357197
2020-02-06,0.0014178039442861716,0.012083442111187098,0.0024705892104518,0.5118199487109041,-0.04935390333911943,-0.2482264878595769,0.009612852900735297,0.19887258452045747,0.06142421106148124
2020-02-07,0.0012278605143970544,0.014781791461205084,0.0069441085832506,0.5130478092253011,-0.03457211187791435,-0.24128237927632631,0.007837682877954484,0.20671026739841197,0.06517632235481317
2020-02-10,0.0073636498447731845,-0.0010790545190437616,0.0028346658585614,0.5204114590700744,-0.03565116639695811,-0.2384477134177649,-0.003913720377605161,0.2027965470208068,0.06592576371859772
2020-02-11,-0.004736690242741025,0.012957310686911585,0.010742225376879,0.5156747688273333,-0.022693855710046527,-0.22770548804088592,0.002215085310032585,0.20501163233083938,0.06497034844991478
2020-02-12,-0.0005264392780487923,-0.010442640808207561,-0.0076362976080673,0.5151483295492846,-0.03313649651825409,-0.23534178564895322,-0.0028063432001402613,0.20220528913069913,0.0588807687493178
2020-02-13,0.0005547211044964906,0.0011057436644553032,0.0040491099584296,0.5157030506537811,-0.032030752853798784,-0.2312926756905236,-0.0029433662939742965,0.19926192283672484,0.05341060699042877
2020-02-14,0.0007358147490610933,0.03396253144285424,0.0255971865209158,0.5164388654028422,0.0019317785890554523,-0.2056954891696078,0.008365344921938436,0.20762726775866325,0.050021712932982076
2020-02-17,-0.0007182788113167234,0.017079914170899775,0.0032635524603278,0.5157205865915255,0.019011692759955227,-0.20243193670928,0.013816361710571975,0.22144362946923524,0.05409599742056041
2020-02-18,0.008089549029002715,-0.00039986246668320045,-0.0039196365553527,0.5238101356205282,0.018611830293272028,-0.20635157326463271,0.0035197740886695,0.22496340355790473,0.052296373285370415
2020-02-19,0.00047476326315366087,0.01847428248482361,0.0189919389258269,0.5242848988836819,0.037086112778095634,-0.1873596343388058,-0.0005176564410032912,0.22444574711690146,0.05152270217069428
2020-02-20,-0.0024352962977465917,0.009646583920446608,0.0058669525660862,0.5218496025859353,0.04673269669854224,-0.1814926817727196,0.0037796313543604076,0.22822537847126184,0.051178525044821066
2020-02-21,-0.0027791313532889127,0.012188770513892909,0.0027883306733683,0.5190704712326464,0.05892146721243515,-0.1787043510993513,0.009400439840524608,0.23762581831178645,0.05236595854561433
2020-02-24,-0.010583053313807336,-0.008099025420752158,-0.0020408841747316,0.508487417918839,0.05082244179168299,-0.1807452352740829,-0.006058141246020558,0.2315676770657659,0.057937958464915604
2020-02-25,0.0027104930691781545,-0.01414403088833478,-0.0161072019505644,0.5111979109880171,0.03667841090334821,-0.1968524372246473,0.0019631710622296204,0.23353084812799552,0.056347329086771036
2020-02-26,0.0075900437284326175,0.007489804339407681,0.0012654558024666,0.5187879547164498,0.04416821524275589,-0.1955869814221807,0.006224348536941081,0.23975519666493658,0.054989846613641986
2020-02-27,0.002599627147109271,-0.052526499101784155,-0.042878230349035,0.521387581863559,-0.008358283859028266,-0.2384652117712157,-0.009648268752749156,0.23010692791218745,0.053553835580066364
2020-02-28,-0.002991703188034955,0.03802060660097916,0.0326540196864701,0.5183958786755241,0.029662322741950894,-0.2058111920847456,0.005366586914509058,0.23547351482669648,0.051572169171240384
2020-03-02,-0.00035192913159272273,0.011611625646441396,0.0079341283746392,0.5180439495439313,0.04127394838839229,-0.1978770637101064,0.0036774972718021954,0.2391510120984987,0.05008837725227406
2020-03-03,0.0034227313868392963,0.010366976938132526,0.0046872456591321,0.5214666809307706,0.05164092532652481,-0.19318981805097432,0.005679731279000426,0.24483074337749913,0.05281121003638317
2020-03-04,-0.0014062038891999912,0.01695706518096542,0.0183925052447381,0.5200604770415707,0.06859799050749023,-0.17479731280623623,-0.0014354400637726812,0.24339530331372644,0.05621240424186757
2020-03-05,0.0016035734193069482,0.0015951001777165586,-0.0106966966451653,0.5216640504608776,0.07019309068520678,-0.18549400945140151,0.012291796822881859,0.2556871001366083,0.05964608912344434
2020-03-06,0.0005089927505547333,-0.032759394942636695,-0.0338423358937558,0.5221730432114323,0.037433695742570085,-0.2193363453451573,0.0010829409511191046,0.2567700410877274,0.05687146087698297
2020-03-09,0.0016365139310802117,0.019804677645175548,0.0197244308219401,0.5238095571425125,0.057238373387745636,-0.1996119145232172,8.024682323544766e-05,0.2568502879109628,0.05920398922076975
2020-03-10,0.004092098180591755,-0.006830806229392783,-0.0121267082218645,0.5279016553231043,0.05040756715835285,-0.2117386227450817,0.005295901992471718,0.2621461899034346,0.054365640780926594
2020-03-11,0.00035836492527974536,-0.02029855413546437,-0.0183227391261787,0.528260020248384,0.030109013022888483,-0.23006136187126042,-0.0019758150092856683,0.2601703748941489,0.05510182969317376
2020-03-12,0.0007463914160855091,-0.013122713377139638,-0.0124470998769432,0.5290064116644695,0.016986299645748847,-0.24250846174820362,-0.0006756135001964383,0.25949476139395244,0.05698131732508066
2020-03-13,0.002680348368170935,-0.03827342508807725,-0.0402289446853721,0.5316867600326404,-0.0212871254423284,-0.2827374064335757,0.0019555195972948552,0.2614502809912473,0.05653465709617213
2020-03-16,0.002744899839640362,-0.0022848321553183377,-0.0039700251080639,0.5344316598722807,-0.02357195759764674,-0.2867074315416396,0.0016851929527455624,0.26313547394399284,0.053758278552281394
2020-03-17,0.011804822622314103,-0.007845458588019522,-0.0177431000208123,0.5462364824945948,-0.031417416185666264,-0.3044505315624519,0.00989764143279278,0.27303311537678565,0.05197998920835073
2020-03-18,0.00047409241159918476,0.006796728793838629,-0.0066889039237193,0.546710574906194,-0.024620687391827635,-0.3111394354861712,0.013485632717557929,0.2865187480943435,0.051916480632519704
2020-03-19,0.004552914442521456,0.017510900393445616,0.014853480264456,0.5512634893487155,-0.007109786998382019,-0.2962859552217152,0.0026574201289896165,0.2891761682233332,0.051626978088291454
2020-03-20,0.008486156889520074,-0.03493064620371392,-0.0361721857778314,0.5597496462382355,-0.04204043320209594,-0.33245814099954657,0.0012415395741174756,0.29041770779745063,0.05201420083751093
2020-03-23,0.002730111296869707,0.02016314954286238,0.0228684121432588,0.5624797575351053,-0.02187728365923356,-0.30958972885628777,-0.00270526260039642,0.2877124451970542,0.0544301657313996
2020-03-24,-0.0033957646268048623,0.021063748345355914,0.0237322544956723,0.5590839929083004,-0.0008135353138776467,-0.2858574743606155,-0.0026685061503163854,0.28504393904673786,0.05613816987510025
2020-03-25,0.006038034832546939,-0.006364742145418956,-0.0067522252258938,0.5651220277408473,-0.007178277459296603,-0.2926096995865093,0.0003874830804748439,0.2854314221272127,0.056732232231174476
2020-03-26,0.006898527295880814,2.3255229757025197e-05,1.0218537799160396e-07,0.5720205550367281,-0.007155022229539578,-0.2926095974011313,2.3153044379033594e-05,0.28545457517159173,0.054211696100313365
2020-03-27,0.0004666620315795517,-0.02243071710392793,-0.0133877613633994,0.5724872170683076,-0.02958573933346751,-0.3059973587645307,-0.009042955740528531,0.2764116194310632,0.05286615159555642
2020-03-30,0.007095855693334763,0.004248126753367879,0.0013719347824401,0.5795830727616424,-0.02533761258009963,-0.30462542398209064,0.0028761919709277793,0.279287811401991,0.05118393565684118
2020-03-31,0.002389631102838319,-0.004290087045694985,-0.0047342997377456,0.5819727038644807,-0.029627699625794614,-0.3093597237198362,0.000444212692050615,0.27973202409404163,0.05159509520336792
2020-04-01,-0.00392660977858294,0.018938172215371873,0.0181788253505769,0.5780460940858978,-0.010689527410422742,-0.2911808983692593,0.0007593468647949728,0.2804913709588366,0.05594719219305014
2020-04-02,0.004075067280410758,-0.002220335897602906,-0.0057986250850124,0.5821211613663085,-0.012909863308025647,-0.2969795234542717,0.003578289187409494,0.2840696601462461,0.057996082713909804
2020-04-03,-0.0061751773498964655,0.027796407031299313,0.023881049438286,0.5759459840164121,0.014886543723273665,-0.2730984740159857,0.003915357593013313,0.28798501773925933,0.05542650974298452
2020-04-07,0.00025727509601749946,0.004554205372330865,-0.0024812230972173,0.5762032591124295,0.01944074909560453,-0.275579697113203,0.007035428469548166,0.2950204462088075,0.055752227154459495
2020-04-08,0.0008108193910023753,0.00926638555459207,0.0052466878705998,0.5770140785034319,0.0287071346501966,-0.27033300924260323,0.004019697683992271,0.2990401438927998,0.05540351724049599
2020-04-09,0.005514597890518844,-0.021528223245183303,-0.0134743440265424,0.5825286763939508,0.007178911405013297,-0.28380735326914563,-0.008053879218640904,0.29098626467415895,0.0535960083860581
2020-04-10,0.00011955820862508355,-0.00772630402041475,-0.0061779523012691,0.5826482346025759,-0.0005473926154014536,-0.28998530557041474,-0.00154835171914565,0.2894379129550133,0.054614899506901224
2020-04-13,-0.001007579475048374,0.017274358306485025,0.0177158399200975,0.5816406551275275,0.016726965691083572,-0.27226946565031723,-0.00044148161361247384,0.2889964313414008,0.05367669964394099
2020-04-14,0.004218521202593041,-0.0033545318671550977,-0.005543502951199,0.5858591763301205,0.013372433823928474,-0.2778129686015162,0.0021889710840439025,0.2911854024254447,0.05405032849329568
2020-04-15,2.8910146584442043e-05,0.0039000924767549094,0.0034079593155521,0.585888086476705,0.017272526300683384,-0.2744050092859641,0.0004921331612028094,0.2916775355866475,0.05602972827617426
2020-04-16,0.005462773873146023,0.003208724691486594,0.0053984703634555,0.591350860349851,0.020481250992169978,-0.26900653892250864,-0.0021897456719689058,0.2894877899146786,0.05787473823182865
2020-04-17,0.0036487866379590153,0.014153359275606436,0.0064635519200679,0.5949996469878099,0.034634610267776415,-0.2625429870024407,0.007689807355538536,0.29717759727021714,0.060263990432321425
2020-04-20,-0.00045154974679012527,-0.005224759891929487,-0.0090994553758659,0.5945480972410198,0.029409850375846928,-0.2716424423783066,0.0038746954839364136,0.3010522927541535,0.06023411781998968
2020-04-21,-0.0012331347008911913,0.007878293482582897,0.0070704598178536,0.5933149625401286,0.03728814385842982,-0.264571982560453,0.0008078336647292968,0.3018601264188828,0.05978728499816834
2020-04-22,0.0023813324953451285,-0.003112249685716755,-0.0034633701977576,0.5956962950354737,0.034175894172713064,-0.2680353527582106,0.00035112051204084496,0.30221124693092366,0.05869141058728028
2020-04-23,0.008574443249039805,-0.013988074591059583,-0.0122148355639546,0.6042707382845135,0.02018781958165348,-0.2802501883221652,-0.0017732390271049826,0.3004380079038187,0.058488146030459244
2020-04-24,0.0072918569106723416,-0.003845369450119856,0.0015690421279923,0.6115625951951859,0.016342450131533626,-0.2786811461941729,-0.005414411578112156,0.2950235963257065,0.05857987437745719
2020-04-27,0.00944548455301008,-0.015417898922923825,-0.0021140433970566,0.6210080797481959,0.0009245512086098005,-0.2807951895912295,-0.013303855525867225,0.2817197407998393,0.05818460358096682
2020-04-28,0.003457244541472774,-0.0008343405940109396,0.002491824796535,0.6244653242896687,9.021061459886081e-05,-0.27830336479469453,-0.0033261653905459396,0.2783935754092934,0.0571255651610487
2020-04-29,-0.000896747828382165,0.01958501063910153,0.0135705587200531,0.6235685764612866,0.01967522125370039,-0.26473280607464145,0.006014451919048428,0.28440802732834186,0.05660888756287093
2020-04-30,-0.0009125675572716067,0.01635474279581934,0.0085589324224699,0.622656008904015,0.03602996404951973,-0.25617387365217154,0.00779581037334944,0.2922038377016913,0.056676184779139285
2020-05-06,0.005674489043061435,0.0008669253782182573,-0.0024282335307417,0.6283304979470764,0.03689688942773799,-0.2586021071829132,0.003295158908959957,0.2954989966106512,0.05762977740009025
2020-05-07,0.0034804433026701534,0.012825218939499639,0.0096067759488172,0.6318109412497466,0.04972210836723763,-0.248995331234096,0.003218442990682439,0.2987174396013336,0.06276027512246961
2020-05-08,0.00043850418891813964,0.0001210843102255992,-0.0008699509326946,0.6322494454386647,0.04984319267746323,-0.2498652821667906,0.0009910352429201993,0.29970847484425384,0.0655161637776832
2020-05-11,0.005905408440340043,0.003078416984593298,-4.566821453865287e-05,0.6381548538790047,0.05292160966205653,-0.24991095038132927,0.003124085199131951,0.30283256004338577,0.06714468758834663
2020-05-12,0.005804078734065976,0.008647683403227486,0.003258976791462,0.6439589326130707,0.06156929306528401,-0.24665197358986726,0.0053887066117654855,0.30822126665515126,0.06440752245826979
2020-05-13,0.005371885033503027,-0.004616433688298757,-0.0100008595924806,0.6493308176465737,0.05695285937698526,-0.2566528331823479,0.005384425904181843,0.3136056925593331,0.057161202397668164
2020-05-14,0.0009659059820383752,0.002094904867198726,8.691489085119892e-05,0.6502967236286121,0.05904776424418398,-0.25656591829149666,0.002007989976347527,0.3156136825356807,0.055347333880531556
2020-05-15,0.0076029910422780135,-0.0004695390819910478,-0.0005423291250112,0.6578997146708901,0.05857822516219293,-0.25710824741650784,7.27900430201522e-05,0.31568647257870075,0.05607422449745619
2020-05-18,0.002420806168665352,0.012579034552737175,0.0094467684863002,0.6603205208395555,0.0711572597149301,-0.24766147893020765,0.0031322660664369756,0.31881873864513777,0.05916702206042448
2020-05-19,-9.889140102710364e-05,-0.009618198204092297,-0.0068560211777389,0.6602216294385284,0.06153906151083781,-0.25451750010794655,-0.0027621770263533962,0.31605656161878437,0.06063780861490634
2020-05-20,0.004242075896691876,-0.008010156573332752,-0.0071875798934186,0.6644637053352203,0.053528904937505055,-0.26170508000136516,-0.0008225766799141521,0.3152339849388702,0.059717809549248047
2020-05-21,0.0030534466080516486,-0.015298779163926725,-0.0201658582114483,0.6675171519432719,0.03823012577357833,-0.28187093821281345,0.004867079047521577,0.32010106398639177,0.05923474116918891
2020-05-22,0.003027528766210641,0.0003838232667968311,0.0001333874940177,0.6705446807094825,0.03861394904037516,-0.28173755071879575,0.0002504357727791311,0.32035149975917093,0.06154321045580737
2020-05-25,0.00026801290964900833,0.02084099263450557,0.0139627606488795,0.6708126936191315,0.05945494167488073,-0.2677747900699162,0.006878231985626069,0.32722973174479697,0.06117553993873133
2020-05-26,0.00426737217781199,-0.0006183008725951495,-0.0055514475072795,0.6750800657969436,0.05883664080228558,-0.2733262375771957,0.0049331466346843504,0.3321628783794813,0.06178210365266499
2020-05-27,0.0015717601298061523,-0.0037987255878657333,0.0009344688187977,0.6766518259267498,0.05503791521441985,-0.272391768758398,-0.004733194406663433,0.32742968397281785,0.06214854877672865
2020-05-28,0.0021002118762545154,0.008067483940130325,0.0037428728461228,0.6787520378030043,0.06310539915455017,-0.2686488959122752,0.004324611094007525,0.33175429506682536,0.06344815875392308
2020-05-29,-0.0056597466304068676,0.02480514045457485,0.0249387751073335,0.6730922911725974,0.08791053960912502,-0.2437101208049417,-0.00013363465275864975,0.33162066041406674,0.06462571390474839
2020-06-01,-0.003611316708663232,0.0015361968254222053,0.0015383290245091,0.6694809744639342,0.08944673643454723,-0.2421717917804326,-2.132199086894715e-06,0.33161852821497984,0.06577216723763234
2020-06-02,-0.0017242393355782425,0.00042550963018181225,0.0004080395253509,0.667756735128356,0.08987224606472904,-0.2417637522550817,1.747010483091224e-05,0.3316359983198107,0.0630287192418297
2020-06-03,0.0034328741491963214,0.004174099965224085,-0.0024726078448142,0.6711896092775523,0.09404634602995313,-0.2442363600998959,0.006646707810038285,0.338282706129849,0.0606843940211599
2020-06-04,-0.0001793786150611248,-0.0006135705888790624,0.0028816830760984,0.6710102306624912,0.09343277544107406,-0.2413546770237975,-0.0034952536649774622,0.33478745246487157,0.059689941352331376
2020-06-05,0.0005613410541196958,-0.0020640818902453333,0.0013330024270189,0.6715715717166109,0.09136869355082873,-0.24002167459677862,-0.0033970843172642334,0.33139036814760736,0.062041195722541256
2020-06-08,-0.0023088412076891105,0.002683540540928018,0.0044838593004826,0.6692627305089217,0.09405223409175675,-0.23553781529629603,-0.0018003187595545824,0.3295900493880528,0.06534667037016807
2020-06-09,0.00392478051107218,0.0002882529687868799,-0.0010254715430503,0.6731875110199939,0.09434048706054364,-0.23656328683934633,0.00131372451183718,0.33090377389988995,0.06439058037380586
2020-06-10,0.0018473276616934819,-0.0020031636987499816,-0.0073178375061998,0.6750348386816873,0.09233732336179366,-0.24388112434554612,0.005314673807449818,0.3362184477073398,0.0650241755810961
2020-06-11,-0.0002997276121966936,-0.0001928250983906661,0.0003715317452956,0.6747351110694907,0.092144498263403,-0.2435095926002505,-0.000564356843686266,0.3356540908636535,0.06464427137952033
2020-06-12,-0.0032186486258555043,-0.0008123857214616396,-0.0071603239099464,0.6715164624436352,0.09133211254194136,-0.25066991651019693,0.006347938188484761,0.3420020290521383,0.06411048954760652
2020-06-15,0.0034681212706084864,0.01869821759614508,0.0151095376815319,0.6749845837142436,0.11003033013808644,-0.23556037882866504,0.003588679914613181,0.3455907089667515,0.06435916180536513
2020-06-16,-0.0007590016290722812,0.002940415295541169,0.0003703599592386,0.6742255820851714,0.1129707454336276,-0.23519001886942645,0.002570055336302569,0.34816076430305404,0.06403318025676706
2020-06-17,-0.0002902814555885835,-0.0017937421019049483,0.0017561534153602,0.6739353006295827,0.11117700333172266,-0.23343386545406625,-0.003549895517265148,0.3446108687857889,0.061381901265548273
2020-06-18,0.001848085277503753,0.0058264977366246015,0.0102265402392913,0.6757833859070865,0.11700350106834725,-0.22320732521477496,-0.004400042502666698,0.3402108262831222,0.06230405785503463
2020-06-19,-0.0009688463180028406,0.0011215168284114735,0.0004032426524724,0.6748145395890837,0.11812501789675872,-0.22280408256230255,0.0007182741759390735,0.3409291004590613,0.06322821881641867
2020-06-22,0.006100162562958833,0.0027114839279292237,0.0026409936405696,0.6809147021520425,0.12083650182468794,-0.22016308892173295,7.049028735962382e-05,0.3409995907464209,0.06952882009943175
2020-06-23,0.0036175244607464757,-0.0006255286984876479,0.0027269231976254,0.684532226612789,0.1202109731262003,-0.21743616572410754,-0.0033524518961130477,0.33764713885030784,0.06848202089748667
2020-06-24,0.0012451152893874545,-0.0051399412566865395,-0.005750050956975,0.6857773419021764,0.11507103186951376,-0.22318621668108254,0.0006101097002884602,0.3382572485505963,0.066039236455164
2020-06-29,0.004667043233744897,0.01874361401187099,0.0132322477846155,0.6904443851359213,0.13381464588138475,-0.20995396889646706,0.005511366227255489,0.3437686147778518,0.06618033407325499
2020-06-30,-0.005260305623328866,0.0011433417041147257,0.0113858981107979,0.6851840795125924,0.13495798758549948,-0.19856807078566915,-0.010242556406683175,0.33352605837116867,0.06883931077478442
2020-07-01,-0.008573820857399241,0.007163105796676752,0.0179153673968349,0.6766102586551932,0.14212109338217624,-0.18065270338883427,-0.010752261600158148,0.3227737967710105,0.061629166361705894
2020-07-02,-0.007878565355799444,0.004471511938693235,0.017579822388895,0.6687316932993937,0.14659260532086948,-0.16307288099993927,-0.013108310450201766,0.30966548632080876,0.06251037527151578
2020-07-03,-0.014520279267475976,0.027215705819281504,0.0502556514778384,0.6542114140319177,0.173808311140151,-0.11281722952210088,-0.023039945658556896,0.2866255406622519,0.06112416182275592
2020-07-06,0.0019997202210659056,0.012924264519014145,0.0075100856875547,0.6562111342529836,0.18673257565916515,-0.10530714383454617,0.005414178831459445,0.2920397194937113,0.0616801643394779
2020-07-07,-0.008860998958673247,0.014054403546126706,0.016917734833174,0.6473501352943104,0.20078697920529187,-0.08838940900137218,-0.0028633312870472924,0.289176388206664,0.0652378866743817
2020-07-08,-0.0015100769618989728,0.024752282352171157,0.0165436605978606,0.6458400583324114,0.22553926155746304,-0.07184574840351159,0.008208621754310558,0.2973850099609746,0.07066479987455553
2020-07-09,0.006376277845159639,-0.00213539288973389,-0.0141846510012592,0.652216336177571,0.22340386866772916,-0.08603039940477078,0.01204925811152531,0.30943426807249996,0.07738275293799086
2020-07-10,-0.006115284101097308,0.028526605904306546,0.0231003569870455,0.6461010520764737,0.2519304745720357,-0.06293004241772528,0.0054262489172610465,0.314860516989761,0.08073780844658948
2020-07-13,0.0024913695752593417,-0.004827930250367174,-0.0094116339466495,0.648592421651733,0.24710254432166853,-0.07234167636437477,0.004583703696282325,0.3194442206860433,0.07940316811547232
2020-07-14,0.013924481431038247,-0.015278008553178873,-0.0176028663557813,0.6625169030827712,0.23182453576848966,-0.08994454272015608,0.002324857802602425,0.3217690784886457,0.07024932101909628
2020-07-15,-0.0002926742725687778,-0.04880493155417149,-0.0473889669179266,0.6622242288102025,0.18301960421431818,-0.13733350963808266,-0.0014159646362448888,0.32035311385240084,0.06106774936886923
2020-07-16,0.006326323043192205,0.006741978923840848,0.0033779953353041,0.6685505518533947,0.18976158313815902,-0.13395551430277855,0.0033639835885367476,0.3237170974409376,0.05276412310013867
2020-07-17,-0.011292972927023642,0.026089723827573758,0.0292532067238604,0.657257578926371,0.2158513069657328,-0.10470230757891816,-0.003163482896286641,0.3205536145446509,0.04849952733072321
2020-07-20,0.007050713336207328,0.010561375172769666,0.002877312558369,0.6643082922625784,0.22641268213850246,-0.10182499502054916,0.007684062614400666,0.3282376771590516,0.05495058419885439
2020-07-21,0.0017959814825977058,0.006537789813617351,0.0051504130718668,0.6661042737451761,0.23295047195211982,-0.09667458194868236,0.0013873767417505508,0.3296250539008022,0.06159336965389393
2020-07-22,0.0012736143133825946,-0.0015644710481751392,-0.0021116783546214,0.6673778880585587,0.23138600090394468,-0.09878626030330376,0.0005472073064462608,0.3301722612072484,0.0682136960951132
2020-07-23,0.003188096054364587,-0.04092500952588226,-0.0436565550814571,0.6705659841129232,0.1904609913780624,-0.14244281538476086,0.002731545555574838,0.3329038067628233,0.07013511578311869
2020-07-24,-0.005247538614163664,-0.00318675799336206,0.0019737060522999,0.6653184454987595,0.18727423338470034,-0.14046910933246096,-0.00516046404566196,0.3277433427171613,0.06709713794794991
2020-07-27,0.006349316643925742,0.01526996286727561,0.0090677846915971,0.6716677621426853,0.20254419625197595,-0.13140132464086385,0.006202178175678511,0.3339455208928398,0.059317786748020865
2020-07-28,-0.004663044300545999,0.021411853453843707,0.0229610346545453,0.6670047178421393,0.22395604970581967,-0.10844028998631855,-0.0015491812007015944,0.3323963396921382,0.05568687483429369
2020-07-29,-0.0012698911959840452,-0.0018330124543546801,-0.0039757990384659,0.6657348266461552,0.22212303725146498,-0.11241608902478445,0.00214278658411122,0.33453912627624943,0.05660059252663017
2020-07-30,-0.0022371112666294143,0.011276193415494044,0.0086299385402328,0.6634977153795258,0.23339923066695903,-0.10378615048455164,0.0026462548752612444,0.33718538115151064,0.0565028321750032
2020-07-31,-0.006265658409627358,0.023771000894057523,0.0191081873751593,0.6572320569698985,0.25717023156101654,-0.08467796310939234,0.004662813518898221,0.3418481946704089,0.05710614280904696
2020-08-03,0.004564225949490798,-0.0034166398818324356,-0.0006993424349202,0.6617962829193893,0.2537535916791841,-0.08537730554431254,-0.0027172974469122355,0.33913089722349665,0.05715260545274693
2020-08-04,0.0013505077627995478,0.011192647526734802,0.0030941549579067,0.6631467906821888,0.2649462392059189,-0.08228315058640584,0.008098492568828101,0.34722938979232476,0.054066292059614066
2020-08-05,0.00011329777363486916,-0.0023196061757208867,-0.0011282237137211,0.6632600884558237,0.262626633030198,-0.08341137430012693,-0.0011913824619997867,0.34603800733032497,0.05162961799391617
2020-08-06,-0.0012276091690345515,-0.013981951807092026,-0.0114527499179291,0.6620324792867892,0.24864468122310598,-0.09486412421805604,-0.0025292018891629256,0.343508805441162,0.052582728968248234
2020-08-07,0.0034768362502427927,0.010795091198944052,0.0052981552650361,0.665509315537032,0.25943977242205,-0.08956596895301994,0.0054969359339079515,0.34900574137506996,0.054715936206640656
2020-08-10,0.004333827420643951,-0.016550503666678592,-0.0128639834469926,0.6698431429576759,0.24288926875537142,-0.10242995240001254,-0.003686520219685992,0.34531922115538394,0.05733639870888377
2020-08-11,-0.00806684697659618,-0.013360434349227786,-0.0084572104848865,0.6617762959810797,0.22952883440614363,-0.11088716288489904,-0.004903223864341286,0.34041599729104266,0.05684576863627016
2020-08-12,0.0012216528209622972,0.006253411266689446,-3.1433639010188624e-05,0.662997948802042,0.23578224567283307,-0.11091859652390923,0.006284844905699635,0.3467008421967423,0.05973563581350821
2020-08-13,0.005799388506933754,0.01130505668020102,0.0121758014974647,0.6687973373089757,0.24708730235303408,-0.09874279502644454,-0.00087074481726368,0.3458300973794786,0.05936226569937786
2020-08-14,-0.005061794230438404,0.015487331791329922,0.0217238937517613,0.6637355430785373,0.262574634144364,-0.07701890127468324,-0.006236561960431378,0.33959353541904724,0.06606438600727137
2020-08-17,0.002122169251710111,0.009692454615084627,0.0031877246635001,0.6658577123302475,0.2722670887594486,-0.07383117661118313,0.006504729951584527,0.3460982653706317,0.07111766543525438
2020-08-18,0.0033371066040083085,-0.013971909464924829,-0.0156012564927147,0.6691948189342558,0.2582951792945238,-0.08943243310389783,0.0016293470277898708,0.3477276123984216,0.06459640213838043
2020-08-19,0.0036243997965042848,-0.0090356840245252,-0.0132436393622217,0.6728192187307601,0.24925949526999858,-0.10267607246611953,0.0042079553376965,0.3519355677361181,0.062426052744446056
2020-08-20,0.007214347357833022,0.011513333007830546,0.0072124342468663,0.6800335660885931,0.2607728282778291,-0.09546363821925323,0.004300898760964246,0.35623646649708235,0.060554752946477906
2020-08-21,0.003963606415600642,0.009991451570498237,0.005522243533459,0.6839971725041938,0.27076427984832735,-0.08994139468579423,0.004469208037039238,0.3607056745341216,0.05667631191001928
2020-08-24,0.010702572142717323,0.005960213574048643,-0.0022147774467674,0.6946997446469111,0.276724493422376,-0.09215617213256164,0.008174991020816043,0.3688806655549376,0.0578103152616642
2020-08-25,0.0015118198109721531,-0.020034936753614882,-0.0150693666373763,0.6962115644578832,0.2566895566687611,-0.10722553876993794,-0.004965570116238582,0.36391509543869904,0.05871071096815909
2020-08-26,0.002752585211136165,0.014057491162158596,0.007046657279124,0.6989641496690194,0.2707470478309197,-0.10017888149081394,0.007010833883034595,0.3709259293217336,0.059229043665813025
2020-08-27,-0.0002355239355828187,0.008979568295278245,0.0172594718156923,0.6987286257334366,0.2797266161261979,-0.08291940967512164,-0.008279903520414056,0.36264602580131955,0.06040390818605894
2020-08-28,0.001031014821146208,0.0022175789784870674,-0.0039519696476917,0.6997596405545828,0.281944195104685,-0.08687137932281334,0.006169548626178767,0.36881557442749835,0.06702621244211125
2020-08-31,-0.00024895369412478526,0.006203038637387405,0.0049049425418822,0.699510686860458,0.2881472337420724,-0.08196643678093114,0.0012980960955052048,0.37011367052300354,0.06913091220915102
2020-09-01,-0.0016070499969926158,0.005770359037797631,0.0001991889314246,0.6979036368634655,0.29391759277987006,-0.08176724784950655,0.005571170106373031,0.3756848406293766,0.06839647146547721
2020-09-02,0.001553341390402227,-0.009131074462287845,-0.007166976876215,0.6994569782538677,0.2847865183175822,-0.08893422472572154,-0.0019640975860728445,0.37372074304330377,0.06600359498516452
2020-09-03,-0.0031394953303633373,-0.0008764148568765188,-0.0075746657857056,0.6963174829235044,0.2839101034607057,-0.09650889051142715,0.006698250928829081,0.38041899397213286,0.06629426234613957
2020-09-04,-0.008646604552703201,-0.017038033967202538,-0.0197086205969941,0.6876708783708012,0.2668720694935032,-0.11621751110842125,0.0026705866297915618,0.38308958060192444,0.06197967278045268
2020-09-07,-0.013714721289158951,0.0015669489124682946,0.0064997166796187,0.6739561570816422,0.26843901840597145,-0.10971779442880256,-0.004932767767150405,0.378156812834774,0.05811610372301095
2020-09-08,-0.0010300378985955388,-0.029489064837463306,-0.0234231272227519,0.6729261191830467,0.23894995356850815,-0.13314092165155444,-0.006065937614711407,0.37209087522006257,0.05773144161523932
2020-09-09,0.014097674950210566,-0.03171659550648756,-0.0117809931709669,0.6870237941332572,0.2072333580620206,-0.14492191482252134,-0.01993560233552066,0.35215527288454196,0.058742147683367184
2020-09-10,-0.0003328870702165873,0.01486112493805232,0.0101610410433864,0.6866909070630406,0.2220944830000729,-0.13476087377913495,0.00470008389466592,0.3568553567792079,0.056956193622312815
2020-09-11,-0.008834316511341258,0.01084214817007312,0.0068022103793141,0.6778565905516993,0.232936631170146,-0.12795866339982084,0.00403993779075902,0.36089529456996683,0.05697592761651866
2020-09-14,0.002508500704479798,0.0038843227065656362,0.0056164670637524,0.6803650912561792,0.23682095387671165,-0.12234219633606844,-0.0017321443571867638,0.3591631502127801,0.05529740922960944
2020-09-15,0.00021289521313826133,-0.008069156053979842,-0.0057131797344979,0.6805779864693174,0.2287517978227318,-0.12805537607056633,-0.0023559763194819427,0.35680717389329814,0.05490999917372402
2020-09-16,0.005481717101259956,0.005883938008221176,-0.0024650595650308,0.6860597035705774,0.23463573583095299,-0.13052043563559712,0.008348997573251976,0.3651561714665501,0.05442893701832476
2020-09-17,-0.000813096074127042,0.011915084686859579,0.0186661803200471,0.6852466074964504,0.24655082051781257,-0.11185425531555002,-0.006751095633187522,0.35840507583336256,0.0573471279489614
2020-09-18,-0.0032752950577167464,-0.004317023177014759,-0.0067429601299436,0.6819713124387337,0.2422337973407978,-0.11859721544549362,0.002425936952928841,0.3608310127862914,0.05883492179430444
2020-09-21,0.003699878671582335,-0.013209398025275881,-0.011983201070702,0.6856711911103159,0.22902439931552193,-0.13058041651619562,-0.0012261969545738806,0.35960481583171755,0.05766819985663593
2020-09-22,0.002720247590030472,0.008517569098629866,0.0031218884460843,0.6883914387003464,0.2375419684141518,-0.12745852807011132,0.005395680652545566,0.36500049648426314,0.05683150350770398
2020-09-23,0.006007278772367276,-0.02504326648156919,-0.0201589407369702,0.6943987174727136,0.2124987019325826,-0.14761746880708151,-0.0048843257445989885,0.3601161707396641,0.05504927708723688
2020-09-24,0.0017292929687887399,-0.004742267345440156,-0.0011728403602328,0.6961280104415024,0.20775643458714246,-0.1487903091673143,-0.0035694269852073563,0.3565467437544568,0.05652754521405055
2020-09-25,-0.0007235974354826013,-0.01585065714165089,-0.0026651966944138,0.6954044130060199,0.1919057774454916,-0.15145550586172812,-0.01318546044723709,0.3433612833072197,0.055940744393924866
2020-09-28,-0.001527484998641292,0.006905609907305138,0.0043687853054387,0.6938769280073785,0.19881138735279671,-0.14708672055628944,0.002536824601866438,0.34589810790908615,0.05790732733020165
2020-09-29,0.003968600498939819,0.00025287101614851243,-0.0011066391024152,0.6978455285063183,0.19906425836894523,-0.14819335965870464,0.0013595101185637124,0.3472576180276499,0.059030095784080173
2020-09-30,-0.007274660194845078,0.025976348634977973,0.0208388676993881,0.6905708683114732,0.2250406070039232,-0.12735449195931653,0.005137480935589873,0.35239509896323973,0.06031324456329652
2020-10-09,-0.007177613454702424,0.025542861150969202,0.0281861076235846,0.6833932548567707,0.2505834681548924,-0.09916838433573193,-0.0026432464726153966,0.34975185249062435,0.059997962366698215
2020-10-12,0.0013493997251465921,0.004833830967630287,0.0022814373391173,0.6847426545819173,0.2554172991225227,-0.09688694699661463,0.0025523936285129873,0.35230424611913735,0.05972834553491844
2020-10-13,0.003153498838285969,-0.005133636910633674,-0.0062692312202641,0.6878961534202033,0.250283662211889,-0.10315617821687872,0.0011355943096304257,0.35343984042876775,0.05539452700811056
2020-10-14,0.005349524841550563,-0.004711502624888631,-0.0035614389754624,0.6932456782617539,0.2455721595870004,-0.10671761719234113,-0.0011500636494262305,0.35228977677934153,0.05483843467431179
2020-10-15,-0.0015184397459437214,-0.0009926741651062948,-0.0002684631751511,0.6917272385158102,0.24457948542189412,-0.10698608036749223,-0.0007242109899551947,0.35156556578938636,0.05630609189931622
2020-10-16,-0.0011762538131550363,-0.0058759367134205015,-0.00628141890664,0.6905509847026552,0.2387035487084736,-0.11326749927413222,0.0004054821932194981,0.3519710479826058,0.06343419409158586
2020-10-19,0.001289054678254627,0.011905025741553702,0.0066450954965493,0.6918400393809098,0.2506085744500273,-0.10662240377758292,0.005259930245004402,0.35723097822761024,0.06600515750208455
2020-10-20,0.0058070233188354725,-0.009085082160553336,-0.0040546104541061,0.6976470626997452,0.24152349228947398,-0.11067701423168902,-0.005030471706447236,0.35220050652116297,0.06324889359190604
2020-10-21,-0.0001452562201609953,-0.003667478947689368,-0.0044491828007925,0.6975018064795842,0.2378560133417846,-0.11512619703248152,0.0007817038531031323,0.35298221037426614,0.0628376913437614
2020-10-22,-0.0011952726439532916,-0.015989147523675685,-0.0131107058420918,0.6963065338356309,0.2218668658181089,-0.12823690287457332,-0.0028784416815838855,0.3501037686926822,0.06344913612301759
2020-10-23,-0.0021638092490070095,0.0012110438814319502,-0.0035309420049798,0.6941427245866238,0.22307790969954086,-0.13176784487955312,0.00474198588641175,0.35484575457909395,0.06386135931183118
2020-10-26,0.004744294954683298,0.0030885448523552297,0.0021035576020925,0.6988870195413072,0.2261664545518961,-0.12966428727746063,0.00098498725026273,0.3558307418293567,0.06337199772409617
2020-10-27,0.000684124870890321,0.002658702220060134,0.0042141186360345,0.6995711444121975,0.22882515677195622,-0.12545016864142614,-0.0015554164159743656,0.35427532541338236,0.062293181987344126
2020-10-28,0.0014029430993698225,-0.0007688102296892944,0.0023313287418328,0.7009740875115673,0.22805634654226692,-0.12311883989959334,-0.0031001389715220947,0.35117518644186024,0.06219570882855688
2020-10-29,0.006063087937199827,-0.024137084204131163,-0.018126305575646,0.7070371754487671,0.20391926233813576,-0.14124514547523934,-0.0060107786284851646,0.3451644078133751,0.0629358544133221
2020-10-30,-0.00411571489787132,0.0008004736736581187,0.0038611785125495,0.7029214605508958,0.20471973601179388,-0.13738396696268984,-0.0030607048388913813,0.3421037029744837,0.06183546721332621
2020-11-02,-0.0013017689804294828,0.01748008015223233,0.0132941555613882,0.7016196915704663,0.2221998161640262,-0.12408981140130164,0.004185924590844129,0.34628962756532783,0.060349914859848114
2020-11-03,0.0017311722816705827,-0.0013666449101032922,0.0023342427291659,0.703350863852137,0.2208331712539229,-0.12175556867213574,-0.003700887639269192,0.34258873992605865,0.06296846626004454
2020-11-04,-0.004560994250766127,0.015448990682647863,0.0140304499797451,0.6987898696013708,0.23628216193657076,-0.10772511869239064,0.0014185407029027632,0.3440072806289614,0.06620792625898443
2020-11-05,0.00381748645431803,-0.008829517397705529,-0.0045321189521804,0.7026073560556888,0.22745264453886524,-0.11225723764457105,-0.004297398445525128,0.3397098821834363,0.06707621907842867
2020-11-06,-0.0031291840024135526,0.01866433612463796,0.0186682803686284,0.6994781720532752,0.2461169806635032,-0.09358895727594264,-3.944243990441215e-06,0.33970593793944587,0.06846831258438994
2020-11-09,0.007267129590553966,-0.00538961433543362,-0.0064362443573658,0.7067453016438292,0.2407273663280696,-0.10002520163330844,0.0010466300219321798,0.34075256796137804,0.06297179891832205
2020-11-10,-7.942156573677768e-05,-0.01427201189761661,-0.0101989063988703,0.7066658800780924,0.22645535443045298,-0.11022410803217875,-0.00407310549874631,0.3366794624626317,0.058597441201717324
2020-11-11,-0.0016898829091825046,0.0011249090606446125,0.00011176838547,0.7049759971689099,0.22758026349109758,-0.11011233964670875,0.0010131406751746124,0.33769260313780636,0.05476313018010074
2020-11-12,0.003000326195340519,0.0009698760152430171,-0.0072453568614578,0.7079763233642504,0.2285501395063406,-0.11735769650816655,0.008215232876700817,0.34590783601450714,0.057483095722289504
2020-11-13,-0.004423674092841669,0.0058341105148547855,0.0095061526691529,0.7035526492714087,0.23438425002119537,-0.10785154383901364,-0.0036720421542981146,0.342235793860209,0.059317593184052594
2020-11-16,-0.002615688254348208,-0.009012606375209915,-0.0044151776692415,0.7009369610170605,0.22537164364598544,-0.11226672150825515,-0.0045974287059684146,0.3376383651542406,0.06100681970394821
2020-11-17,-0.001943641224288523,0.002043626703328547,0.0004796133220536,0.698993319792772,0.227415270349314,-0.11178710818620155,0.0015640133812749471,0.33920237853551555,0.06465407535079445
2020-11-18,0.005266498721460525,0.006818839357555499,0.0052847575815448,0.7042598185142326,0.2342341097068695,-0.10650235060465675,0.001534081776010699,0.34073646031152627,0.0643335035229318
2020-11-19,-0.0015887235139754059,0.004929026295306146,0.0044297768121089,0.7026710950002572,0.23916313600217565,-0.10207257379254785,0.0004992494831972463,0.3412357097947235,0.0652441679368679
2020-11-20,-0.008352444641430892,-0.0019250962955655656,0.0093658338655449,0.6943186503588262,0.2372380397066101,-0.09270673992700294,-0.011290930161110466,0.329944779633613,0.061512790259514706
2020-11-23,-0.0003589253647985339,-0.0012759016778352015,-0.003634470409962,0.6939597249940277,0.2359621380287749,-0.09634121033696494,0.0023585687321267985,0.3323033483657398,0.06028421460515418
2020-11-24,0.00231718305856124,-0.012736272522067025,-0.0135101761628753,0.6962769080525889,0.22322586550670787,-0.10985138649984023,0.0007739036408082756,0.3330772520065481,0.05872033685396806
2020-11-25,-9.851175209489854e-06,-0.005892355182917941,-3.462519077892706e-05,0.6962670568773794,0.21733351032378992,-0.10988601169061916,-0.005857729992139014,0.32721952201440907,0.059922349950393375
2020-11-26,0.000644053832174129,-0.0005759291710727415,0.0095939089360324,0.6969111107095536,0.21675758115271718,-0.10029210275458676,-0.010169838107105143,0.3170496839073039,0.05954887410806049
2020-11-27,-0.001476757739915758,-0.00402203562409501,-0.0038100512127107,0.6954343529696378,0.21273554552862217,-0.10410215396729747,-0.00021198441138431043,0.31683769949591967,0.05755339524847232
2020-11-30,-0.0008331257437708676,0.012973704209720407,0.0173152095975955,0.694601227225867,0.22570924973834258,-0.08678694436970197,-0.004341505387875092,0.3124961941080445,0.05763997505855565
2020-12-01,0.0027948486295308857,0.0031055859797041183,-0.0005080321585557,0.6973960758553979,0.2288148357180467,-0.08729497652825767,0.0036136181382598184,0.31610981224630436,0.05860917944729518
2020-12-02,0.004495506291366705,0.0008214859124948215,-0.0017438427162611,0.7018915821467646,0.2296363216305415,-0.08903881924451877,0.0025653286287559214,0.31867514087506027,0.05921611545406726
2020-12-03,0.0029117321765221318,0.004573680119692005,0.001365418248261,0.7048033143232868,0.23421000175023352,-0.08767340099625777,0.0032082618714310046,0.3218834027464913,0.05981189777822744
2020-12-04,0.0015959777340922598,-0.004721124862466204,-0.0074170250244826,0.7063992920573791,0.2294888768877673,-0.09509042602074037,0.002695900162016396,0.32457930290850767,0.06014180893718249
2020-12-07,0.0010535565552414184,-0.0007282495735754742,-0.0022377005719433,0.7074528486126205,0.22876062731419183,-0.09732812659268367,0.0015094509983678258,0.32608875390687553,0.06113910317055221
2020-12-08,0.002187412980818818,-0.017648288796398896,-0.0140101175905886,0.7096402615934393,0.21111233851779293,-0.11133824418327226,-0.0036381712058102967,0.3224505827010652,0.061719149618469846
2020-12-09,0.0015975058086809472,0.00033873036181795145,-0.0005113409894583,0.7112377674021202,0.21145106887961088,-0.11184958517273057,0.0008500713512762515,0.32330065405234143,0.061734016679665965
2020-12-10,-0.00026438225993953156,-0.017987613100177106,-0.0106886168428733,0.7109733851421807,0.19346345577943377,-0.12253820201560386,-0.007298996257303805,0.31600165779503764,0.061909690985088264
2020-12-11,0.00037716905751980284,0.00781270061935239,0.0069466587030214,0.7113505541997005,0.20127615639878615,-0.11559154331258246,0.0008660419163309891,0.31686769971136863,0.06131290029529261
2020-12-14,0.003195325639228391,0.00200299320005582,0.0004814463842826,0.7145458798389289,0.20327914959884197,-0.11511009692829986,0.0015215468157732197,0.31838924652714184,0.06094123734727682
2020-12-15,-0.0010903795856960492,-0.012275468555259706,-0.0018068635284889,0.7134555002532329,0.19100368104358226,-0.11691696045678876,-0.010468605026770807,0.307920641500371,0.06028142918597099
2020-12-16,-0.005183938312711133,0.0054748847538171296,0.0101035707937773,0.7082715619405218,0.1964785657973994,-0.10681338966301146,-0.0046286860399601705,0.3032919554604109,0.06093281430185386
2020-12-17,-0.008166626064126851,-0.010093048349447367,-0.0033828802993418,0.7001049358763949,0.186385517447952,-0.11019626996235327,-0.006710168050105567,0.2965817874103053,0.061965323250797004
2020-12-18,-0.005775561980714364,0.006625333882778583,0.0108541993580474,0.6943293738956805,0.1930108513307306,-0.09934207060430586,-0.0042288654752688165,0.2923529219350365,0.059020751156012595
2020-12-21,-0.0023470973061688306,-0.02205789636847656,-0.019547165645279,0.6919822765895117,0.17095295496225404,-0.11888923624958486,-0.00251073072319756,0.2898421912118389,0.0725720498493632
2020-12-22,-0.010788488690889534,-0.002125618506696082,0.0070652215410194,0.6811937878986222,0.16882733645555797,-0.11182401470856546,-0.009190840047715483,0.28065135116412343,0.07070551227216054
2020-12-23,-0.001429480541400313,-0.020849138577227696,-0.0074182843526976,0.6797643073572218,0.14797819787833028,-0.11924229906126306,-0.013430854224530095,0.2672204969395933,0.07055332005509556
2020-12-24,-0.001243733991251443,0.007827941802836807,0.0085167205020333,0.6785205733659704,0.15580613968116708,-0.11072557855922976,-0.0006887786991964934,0.26653171824039684,0.07243728848312836
2020-12-25,-0.010055245990880462,-0.017000768720597078,-0.0007712924280191,0.6684653273750899,0.13880537096057,-0.11149687098724886,-0.01622947629257798,0.25030224194781886,0.07081769552689604
2020-12-28,0.011144287867725788,0.003609950462922926,-0.0058847881223426,0.6796096152428157,0.14241532142349292,-0.11738165910959146,0.009494738585265526,0.25979698053308437,0.05489254003219268
2020-12-29,-0.00413531908953256,0.0017947432291012125,0.0104136504834467,0.6754742961532831,0.14421006465259414,-0.10696800862614476,-0.008618907254345488,0.2511780732787389,0.05396472275842097
2020-12-30,0.004382256300756523,0.01639094456977172,0.0166897130675896,0.6798565524540396,0.16060100922236586,-0.09027829555855517,-0.00029876849781787854,0.250879304780921,0.051840289295333165
2020-12-31,0.0,0.0,0.0,0.6798565524540396,0.16060100922236586,-0.09027829555855517,0.0,0.250879304780921,0.05043414840773032
