time,pnl,long_pnl,benchmark_ret,cum_pnl,cum_long_pnl,cum_benchmark_ret,excess_ret,cum_excess_ret,turnover
2018-01-04,0.0,0.0,0.0,0.0,0.0,0.0,0.0,0.0,0.0
2018-01-05,-5.480321637684448e-05,-7.889815026395088e-06,0.0032584682835031,-5.480321637684448e-05,-7.889815026395088e-06,0.0032584682835031,-0.003266358098529495,-0.003266358098529495,0.016666666666666666
2018-01-08,8.476604627416637e-06,-1.7577864390395467e-05,0.0018555058069269,-4.632661174942784e-05,-2.5467679416790554e-05,0.00511397409043,-0.0018730836713172954,-0.00513944176984679,0.016666666666666666
2018-01-09,-6.103401329550768e-05,-0.00040745956845106236,0.0008694901679445,-0.00010736062504493552,-0.0004329272478678529,0.0059834642583745,-0.0012769497363955625,-0.006416391506242352,0.016666666666666666
2018-01-10,0.0003144177448696366,0.00045643548726114516,0.0021593353710583,0.0002070571198247011,2.3508239393292237e-05,0.0081427996294328,-0.001702899883797155,-0.008119291390039508,0.01666666666666667
2018-01-11,0.00015416558330087486,-0.0002648653586614144,0.0003706655322411,0.00036122270312557596,-0.00024135711926812217,0.0085134651616739,-0.0006355308909025143,-0.008754822280942022,0.016666666666666666
2018-01-12,6.751524177868978e-05,-0.002161127839415269,-0.008572478167785,0.0004287379449042657,-0.0024024849586833912,-5.901300611110133e-05,0.006411350328369732,-0.00234347195257229,0.016666666666666666
2018-01-15,-0.0003086486001565149,0.00045612890021376386,0.0071334163908125,0.00012008934474775084,-0.0019463560584696274,0.007074403384701398,-0.006677287490598736,-0.009020759443171026,0.016666666666666666
2018-01-16,0.0006827286369815738,0.00021468093788029686,0.0004571802547014,0.0008028179817293246,-0.0017316751205893304,0.007531583639402799,-0.00024249931682110315,-0.009263258759992128,0.016666666666666663
2018-01-17,-0.00015210263122547956,0.00023197835734092373,0.0084864318103431,0.0006507153505038451,-0.0014996967632484068,0.0160180154497459,-0.008254453453002178,-0.017517712212994307,0.01666666666666667
2018-01-18,0.00043148738338882306,-1.0416073277414255e-05,0.0024095949573153,0.0010822027338926682,-0.001510112836525821,0.0184276104070612,-0.0024200110305927142,-0.019937723243587023,0.016666666666666666
2018-01-19,-0.0006497568126144439,0.0008810756759750269,0.0072890221381988,0.00043244592127822433,-0.0006290371605507941,0.02571663254526,-0.006407946462223773,-0.026345669705810794,0.016666666666666666
2018-01-22,-0.000178252716965966,0.00020508837559483857,0.0122525929284334,0.0002541932043122583,-0.0004239487849559555,0.0379692254736934,-0.01204750455283856,-0.038393174258649354,0.016666666666666666
2018-01-23,-0.00042178509127436436,0.0007900107795261861,0.0029174739577414,-0.00016759188696210606,0.0003660619945702306,0.040886699431434796,-0.002127463178215214,-0.040520637436864564,0.016666666666666666
2018-01-24,0.0012332305489563147,0.00022221765983458132,-0.0045137009955697,0.0010656386619942086,0.000588279654404812,0.0363729984358651,0.004735918655404282,-0.035784718781460285,0.016666666666666666
2018-01-25,7.05816182620948e-05,-0.0004931499268467614,0.0022214894968308,0.0011362202802563035,9.51297275580506e-05,0.038594487932695896,-0.0027146394236775614,-0.03849935820513785,0.016666666666666666
2018-01-26,0.0008553276089698942,-0.002552975414530437,-0.0131554438272445,0.0019915478892261976,-0.0024578456869723867,0.0254390441054514,0.010602468412714063,-0.027896889792423784,0.016666666666666666
2018-01-29,0.0005437729084285746,-0.00029957047304286343,-0.0094684813310998,0.0025353207976547723,-0.00275741616001525,0.015970562774351597,0.009168910858056937,-0.018727978934366847,0.016666666666666666
2018-01-30,-0.0014045487091295754,-0.006468437853289838,-0.0058092172982445,0.0011307720885251969,-0.009225854013305088,0.010161345476107097,-0.0006592205550453381,-0.019387199489412185,0.01666666666666667
2018-01-31,-0.0035623314983206436,-0.012320309719851626,-0.0163677791574413,-0.0024315594097954465,-0.021546163733156716,-0.006206433681334202,0.0040474694375896726,-0.015339730051822514,0.016666666666666666
2018-02-01,-0.0015509952798692219,-0.0026849989824008574,0.0027738549244159,-0.003982554689664668,-0.024231162715557572,-0.003432578756918302,-0.005458853906816757,-0.02079858395863927,0.01666666666666667
2018-02-02,0.0009367130664357594,-0.001342003216227263,0.0035602970865158,-0.003045841623228909,-0.025573165931784835,0.00012771832959749835,-0.004902300302743063,-0.025700884261382333,0.016666666666666663
2018-02-05,0.0008340985337393733,-0.014929199105562582,-0.0394024738641026,-0.002211743089489536,-0.040502365037347415,-0.0392747555345051,0.02447327475854002,-0.001227609502842314,0.016666666666666666
2018-02-06,0.0030453719596743797,0.002264986217918723,-0.0187612805149326,0.0008336288701848438,-0.038237378819428694,-0.0580360360494377,0.021026266732851323,0.01979865723000901,0.016666666666666666
2018-02-07,0.00077004696937668,0.004460709076861075,-0.0088285936069091,0.0016036758395615238,-0.03377666974256762,-0.0668646296563468,0.013289302683770175,0.033087959913779184,0.016666666666666666
2018-02-08,0.0032051322126394836,-0.008704335898253757,-0.0403640234984652,0.004808808052201007,-0.04248100564082138,-0.107228653154812,0.03165968760021144,0.06474764751399062,0.016666666666666666
2018-02-09,-0.0024503697026620635,0.007433429231903905,0.0132002974525211,0.0023584383495389434,-0.03504757640891747,-0.0940283557022909,-0.005766868220617195,0.05898077929337343,0.016666666666666666
2018-02-12,-0.0012174487206529562,7.188187007307049e-05,0.009273466138819,0.0011409896288859871,-0.0349756945388444,-0.0847548895634719,-0.00920158426874593,0.04977919502462749,0.016666666666666666
2018-02-13,-0.00024460361671595877,0.0008499849619448191,0.0049711906579792,0.0008963860121700283,-0.03412570957689958,-0.0797836989054927,-0.004121205696034381,0.045657989328593114,0.016666666666666666
2018-02-14,-0.0044006939061711995,0.004682279915855292,0.0221415228567732,-0.003504307894001171,-0.02944342966104429,-0.05764217604871949,-0.01745924294091791,0.0281987463876752,0.016666666666666666
2018-02-22,-3.967938356102716e-05,0.0013002580239323677,0.004362382426002,-0.0035439872775621982,-0.02814317163711192,-0.05327979362271749,-0.003062124402069632,0.025136621985605567,0.016666666666666666
2018-02-23,-0.0029780096483243376,0.007136141188884393,0.0152879725627799,-0.006521996925886536,-0.021007030448227527,-0.03799182105993759,-0.008151831373895507,0.016984790611710064,0.016666666666666666
2018-02-26,0.00016243014366238594,0.00021242399917826706,-0.0111838773992902,-0.0063595667822241506,-0.02079460644904926,-0.04917569845922779,0.011396301398468468,0.028381092010178532,0.016666666666666663
2018-02-27,-3.612919331987079e-05,0.00042586702417415125,-0.0060116291402169,-0.006395695975544021,-0.020368739424875108,-0.05518732759944469,0.006437496164391051,0.03481858817456958,0.016666666666666666
2018-02-28,2.1605864923821425e-05,0.005794322689010617,0.006437892737932,-0.0063740901106202,-0.01457441673586449,-0.04874943486151269,-0.000643570048921383,0.0341750181256482,0.016666666666666666
2018-03-01,0.002242031194371917,-0.0010536157197570983,-0.0067206159159254,-0.004132058916248283,-0.01562803245562159,-0.055470050777438086,0.005667000196168301,0.0398420183218165,0.016666666666666666
2018-03-02,-0.0014535143006294694,0.0015933935309715749,0.0014333300394533,-0.005585573216877753,-0.014034638924650015,-0.05403672073798479,0.00016006349151827487,0.04000208181333477,0.016666666666666666
2018-03-05,-0.0013891615295324711,0.004589615522747877,0.0105015926085664,-0.006974734746410223,-0.009445023401902137,-0.043535128129418385,-0.005911977085818522,0.03409010472751625,0.016666666666666666
2018-03-06,0.0011666549654093389,-0.002155384790369621,-0.0060439322536637,-0.0058080797810008845,-0.011600408192271757,-0.04957906038308209,0.0038885474632940793,0.03797865219081033,0.016666666666666666
2018-03-07,-0.0010589263015930138,0.004166329798891092,0.0063003721024472,-0.006867006082593898,-0.007434078393380665,-0.043278688280634886,-0.0021340423035561083,0.03584460988725422,0.016666666666666666
2018-03-08,-0.0016553675445374887,0.006714958720479919,0.0092843741842354,-0.008522373627131387,-0.0007191196729007462,-0.03399431409639948,-0.0025694154637554804,0.03327519442349874,0.016666666666666666
2018-03-09,-0.00014417368970257792,0.007299491441295888,0.0074090937429672,-0.008666547316833964,0.006580371768395142,-0.026585220353432283,-0.00010960230167131237,0.033165592121827424,0.01666666666666667
2018-03-12,0.004263593583998013,-0.0007020381070464845,-0.0055736462915819,-0.004402953732835951,0.005878333661348657,-0.03215886664501418,0.004871608184535415,0.03803720030636284,0.016666666666666666
2018-03-13,-0.0009505836538064945,-0.006103358590449396,-0.0078678731097676,-0.005353537386642446,-0.00022502492910073894,-0.040026739754781784,0.0017645145193182048,0.039801714825681046,0.016666666666666666
2018-03-14,-0.0017375970479972618,-0.004109552330242667,0.000265970266915,-0.007091134434639708,-0.004334577259343406,-0.03976076948786678,-0.004375522597157667,0.035426192228523376,0.016666666666666666
2018-03-15,0.005240823525101527,0.0018074634441501865,-0.0074735368176534,-0.0018503109095381809,-0.0025271138151932195,-0.04723430630552018,0.009281000261803587,0.044707192490326966,0.016666666666666666
2018-03-16,-0.0014911649637949947,0.0008839889144759433,0.0028343829013538,-0.0033414758733331757,-0.001643124900717276,-0.04439992340416638,-0.0019503939868778567,0.04275679850344911,0.016666666666666666
2018-03-19,0.0006880112983496169,0.0020884719392268154,0.0030773033862736,-0.002653464574983559,0.0004453470385095393,-0.04132262001789278,-0.0009888314470467845,0.04176796705640232,0.01666666666666667
2018-03-20,0.003796483943133058,-0.0012441939732477764,-0.0046435811776734,0.001143019368149499,-0.0007988469347382371,-0.04596620119556618,0.003399387204425624,0.04516735426082794,0.016666666666666663
2018-03-21,0.0045799153824737275,0.0025603821260790655,-0.0060027676220498,0.005722934750623227,0.0017615351913408284,-0.05196896881761598,0.008563149748128865,0.053730504008956806,0.016666666666666666
2018-03-22,0.0005051753049677496,-0.034139653586250644,-0.0392954079455939,0.0062281100555909765,-0.03237811839490982,-0.09126437676320988,0.005155754359343255,0.05888625836830006,0.016666666666666666
2018-03-23,-0.006603788299242587,0.005286439738627113,-0.0022663349052287,-0.0003756782436516101,-0.027091678656282703,-0.09353071166843858,0.007552774643855813,0.06643903301215588,0.016666666666666666
2018-03-26,-0.0013181284083230381,0.014852077726831074,0.013417937924394,-0.0016938066519746483,-0.012239600929451628,-0.08011277374404459,0.0014341398024370743,0.06787317281459296,0.016666666666666666
2018-03-27,0.001100251852125726,-0.00384066466049769,-0.0131868565328546,-0.0005935547998489222,-0.01608026558994932,-0.09329963027689919,0.00934619187235691,0.07721936468694987,0.01666666666666667
2018-03-28,0.0006408255526837637,0.006713853756894702,0.0124141198898849,4.727075283484153e-05,-0.009366411833054616,-0.08088551038701429,-0.005700266132990198,0.07151909855395967,0.016666666666666663
2018-03-29,-0.005950581427150856,0.006390622716451871,0.0059223084628879,-0.005903310674316015,-0.002975789116602745,-0.0749632019241264,0.0004683142535639711,0.07198741280752365,0.01666666666666667
2018-03-30,2.0038742800587867e-05,0.002259975683543734,-0.0023101016458123,-0.005883271931515427,-0.000715813433059011,-0.0772733035699387,0.004570077329356034,0.07655749013687968,0.016666666666666666
2018-04-02,-0.0017810199366470032,-0.006947970096206303,-0.0088982250347259,-0.00766429186816243,-0.007663783529265314,-0.0861715286046646,0.0019502549385195973,0.07850774507539927,0.01666666666666667
2018-04-03,0.0037469676209593078,-0.0022014329902216197,-0.0042008180568649,-0.003917324247203122,-0.009865216519486934,-0.09037234666152949,0.0019993850666432805,0.08050713014204255,0.016666666666666666
2018-04-04,-0.0010120409269495445,0.00023429045575651885,0.0006072309700014,-0.004929365174152667,-0.009630926063730415,-0.08976511569152809,-0.00037294051424488115,0.08013418962779767,0.016666666666666666
2018-04-09,0.0005791025977271374,0.0027503481722828465,0.0145527930938078,-0.004350262576425529,-0.006880577891447568,-0.07521232259772029,-0.011802444921524952,0.06833174470627272,0.016666666666666666
2018-04-10,-0.00035610185303183137,0.004601835564444781,0.0054934588640355,-0.0047063644294573605,-0.002278742327002787,-0.06971886373368479,-0.0008916232995907188,0.067440121406682,0.0157627982329287
2018-04-11,0.0004805224637558721,-0.003561757972233235,-0.0093124400740539,-0.0042258419657014885,-0.005840500299236022,-0.07903130380773868,0.005750682101820665,0.07319080350850266,0.015424504890449596
2018-04-12,-2.6733960136833008e-05,-0.002893351846705186,-0.005864132284837,-0.0042525759258383216,-0.008733852145941207,-0.08489543609257567,0.0029707804381318135,0.07616158394663447,0.016032934042598868
2018-04-13,-0.0035183790861654223,-0.007191061730759028,-0.0141142081113379,-0.007770955012003744,-0.015924913876700236,-0.09900964420391357,0.006923146380578872,0.08308473032721334,0.015845594229893227
2018-04-16,0.00699169067872003,-0.013124715921256604,-0.0176382047707431,-0.000779264333283714,-0.02904962979795684,-0.11664784897465667,0.0045134888494864946,0.08759821917669983,0.01599745914989296
2018-04-17,-0.0026070962959530274,0.006128433803317966,0.0088789822273485,-0.0033863606292367414,-0.022921195994638873,-0.10776886674730818,-0.002750548424030534,0.0848476707526693,0.015251989467124846
2018-04-18,-0.0002621677855868459,0.0019565438712860176,0.0078253613687203,-0.003648528414823587,-0.020964652123352856,-0.09994350537858787,-0.005868817497434283,0.07897885325523502,0.015545268309266197
2018-04-19,0.0024231811363994503,-0.01509076644597583,-0.0164446833080689,-0.001225347278424137,-0.03605541856932869,-0.11638818868665676,0.001353916862093069,0.08033277011732808,0.015709157939028492
2018-04-20,0.004540951982467309,-0.0033203884135161554,-0.003508394327043,0.0033156047040431725,-0.03937580698284484,-0.11989658301369976,0.00018800591352684465,0.08052077603085492,0.015756938485035267
2018-04-23,-0.007524854655119903,0.01231644047818912,0.0209514245938346,-0.00420924995107673,-0.02705936650465572,-0.09894515841986516,-0.00863498411564548,0.07188579191520944,0.015302137985756137
2018-04-24,-0.0006881979600435838,0.002730659549069667,-0.0023404571905488,-0.004897447911120314,-0.024328706955586053,-0.10128561561041396,0.005071116739618468,0.0769569086548279,0.015648536369958284
2018-04-25,0.002664702826591977,-0.013102323131425017,-0.0173651351134912,-0.002232745084528337,-0.03743103008701107,-0.11865075072390516,0.004262811982066182,0.08121972063689409,0.014755935742923179
2018-04-26,0.0008003832325220166,0.0014317592091812213,0.0029250596030998,-0.0014323618520063204,-0.03599927087782985,-0.11572569112080536,-0.0014933003939185787,0.07972642024297551,0.014786885358688438
2018-04-27,-0.0021876304187444517,-0.003847397505854791,-0.0003819155565568,-0.0036199922707507723,-0.03984666838368464,-0.11610760667736215,-0.003465481949297991,0.07626093829367751,0.015091446265444364
2018-05-02,-0.002571737903890093,0.005541339871042331,0.0070676946180105,-0.0061917301746408655,-0.034305328512642314,-0.10903991205935165,-0.0015263547469681685,0.07473458354670934,0.015345338842252016
2018-05-03,0.00045147260829868303,-0.0007524283307429988,-0.0037678762987334,-0.005740257566342183,-0.035057756843385315,-0.11280778835808505,0.003015447967990401,0.07775003151469974,0.015392013730578193
2018-05-04,-0.005964520048182312,0.010619152465837733,0.0159374865775335,-0.011704777614524495,-0.024438604377547583,-0.09687030178055156,-0.005318334111695768,0.07243169740300398,0.01475825964502944
2018-05-07,-0.00022994026109207454,0.005182964268757951,0.0082551345310358,-0.01193471787561657,-0.01925564010878963,-0.08861516724951576,-0.0030721702622778487,0.06935952714072613,0.01555837657479829
2018-05-08,-0.0009848821100772046,-0.0001770978694689404,-0.0009964141960298,-0.012919599985693773,-0.01943273797825857,-0.08961158144554557,0.0008193163265608596,0.070178843467287,0.015096666749159058
2018-05-09,-0.0005899185755727681,0.0038152288356107004,0.0049185175405204,-0.013509518561266542,-0.015617509142647869,-0.08469306390502516,-0.0011032887049096996,0.0690755547623773,0.015389329694403013
2018-05-10,0.0032223435335490096,-0.007017727795396741,-0.0057064282485662,-0.010287175027717532,-0.02263523693804461,-0.09039949215359136,-0.001311299546830541,0.06776425521554674,0.01595724803954451
2018-05-11,-0.0025645306317957704,-0.005777514951398644,0.0012447241836344,-0.012851705659513303,-0.028412751889443255,-0.08915476796995696,-0.007022239135033044,0.0607420160805137,0.016745082810511902
2018-05-14,-0.002567340458704493,0.006300281242672334,0.0060592332857271,-0.015419046118217795,-0.02211247064677092,-0.08309553468422985,0.0002410479569452343,0.06098306403745893,0.0166075610039743
2018-05-15,0.0011267131319442835,-0.002713029655081927,-0.007523021347275,-0.014292332986273512,-0.02482550030185285,-0.09061855603150486,0.004809991692193073,0.06579305572965201,0.016632421090774986
2018-05-16,0.002431322254449779,-0.0014687208495193498,-0.0056989657046233,-0.011861010731823734,-0.0262942211513722,-0.09631752173612816,0.0042302448551039505,0.07002330058475596,0.01628594901744542
2018-05-17,0.0029552485108990017,0.005224190983574946,0.0097826076381051,-0.008905762220924731,-0.021070030167797252,-0.08653491409802307,-0.004558416654530154,0.06546488393022581,0.016246204731838458
2018-05-18,-0.0011979150397698143,0.008503651544055394,0.0064221967688641,-0.010103677260694546,-0.012566378623741858,-0.08011271732915896,0.002081454775191294,0.06754633870541711,0.016293273998056912
2018-05-21,-0.0015879875553430373,0.002072120042754818,-0.0008328302098194,-0.011691664816037584,-0.010494258580987039,-0.08094554753897837,0.0029049502525742184,0.07045128895799133,0.016043203666691666
2018-05-22,0.0004112416399609638,-0.008407616260149573,-0.0143704976809314,-0.01128042317607662,-0.01890187484113661,-0.09531604521990977,0.005962881420781826,0.07641417037877316,0.015922706044272057
2018-05-23,0.0013460108811211553,-0.001617581606391031,-0.0058317319895846,-0.009934412294955465,-0.020519456447527642,-0.10114777720949437,0.004214150383193569,0.08062832076196673,0.016191326002567088
2018-05-24,0.00015516677297213282,-0.007190086269290937,-0.0057395528443244,-0.009779245521983332,-0.02770954271681858,-0.10688733005381877,-0.0014505334249665372,0.07917778733700019,0.01651395206742522
2018-05-25,-0.00297451568622571,-0.007836840100804552,-0.0020755815497218,-0.012753761208209043,-0.03554638281762313,-0.10896291160354057,-0.0057612585510827515,0.07341652878591745,0.016518749683870074
2018-05-28,0.006875361311343299,-0.004343999534775105,-0.0083117622297824,-0.005878399896865743,-0.03989038235239824,-0.11727467383332298,0.003967762695007295,0.07738429148092474,0.01620507916343187
2018-05-29,0.000857515136894261,-0.02777285430086668,-0.0276398840751627,-0.005020884759971482,-0.06766323665326492,-0.14491455790848567,-0.00013297022570397943,0.07725132125522076,0.015700597409477057
2018-05-30,-0.0015861861530061666,0.011302726797888896,0.017146280400359,-0.006607070912977649,-0.05636050985537602,-0.12776827750812667,-0.005843553602470103,0.07140776765275064,0.0158735659611946
2018-05-31,0.0076047598958789014,-0.0043682135956404425,-0.0090865086951841,0.0009976889829012526,-0.060728723451016466,-0.13685478620331076,0.004718295099543657,0.0761260627522943,0.01576464045976719
2018-06-01,-0.0002688973572016012,-0.002443686275305032,0.0040829120082346,0.0007287916256996515,-0.0631724097263215,-0.13277187419507616,-0.006526598283539632,0.06959946446875466,0.016025852234145637
2018-06-04,-0.007275934983193297,0.007312406888811239,0.0108976813042633,-0.006547143357493646,-0.05586000283751026,-0.12187419289081286,-0.003585274415452061,0.0660141900533026,0.0155878996878331
2018-06-05,-0.0030994413598540347,-0.0008151095461878019,-0.0014117419297887,-0.009646584717347681,-0.056675112383698066,-0.12328593482060156,0.0005966323836008982,0.0666108224369035,0.01531553035547111
2018-06-06,0.002349566064889118,-0.005236452554702677,-0.0030742407305585,-0.0072970186524585635,-0.06191156493840074,-0.12636017555116005,-0.0021622118241441768,0.0644486106127593,0.014458208387976632
2018-06-07,-0.00435943607223053,-0.011828626173306113,-0.0132165682494332,-0.011656454724689094,-0.07374019111170685,-0.13957674380059326,0.001387942076127087,0.06583655268888641,0.01423035339797598
2018-06-08,0.007021810727428485,-0.001639590290146062,-0.004823459551987,-0.004634643997260608,-0.0753797814018529,-0.14440020335258025,0.003183869261840938,0.06902042195072734,0.014570739397585155
2018-06-11,-0.002764031122172278,0.004054846473737429,0.0094067557932051,-0.007398675119432886,-0.07132493492811548,-0.13499344755937515,-0.005351909319467671,0.06366851263125967,0.01504637978507583
2018-06-12,0.0021442669296116335,-0.013209904143262514,-0.0126882143012329,-0.005254408189821253,-0.08453483907137799,-0.14768166186060805,-0.000521689842029615,0.06314682278923006,0.015328334866766512
2018-06-13,0.001411632950919235,-0.0033381370754524057,-0.0030637149883331,-0.0038427752389020176,-0.08787297614683039,-0.15074537684894115,-0.00027442208711930555,0.06287240070211077,0.014984668751185813
2018-06-14,0.0047083761023231354,-0.015913424728550642,-0.0097845011086874,0.0008656008634211178,-0.10378640087538103,-0.16052987795762855,-0.006128923619863242,0.056743477082247515,0.015831846633722203
2018-06-15,-0.0042431243417588105,-0.05873294707151609,-0.047269493248359,-0.0033775234783376927,-0.16251934794689712,-0.20779937120598754,-0.01146345382315709,0.04528002325909042,0.015753762231843885
2018-06-19,-0.00430363104143335,0.005787591598393899,0.0047273978243444,-0.007681154519771043,-0.15673175634850323,-0.20307197338164315,0.0010601937740494982,0.046340217033139924,0.01603426519872214
2018-06-20,0.004566374351337584,-0.01763591751880389,-0.0166324420257565,-0.003114780168433459,-0.17436767386730712,-0.21970441540739966,-0.0010034754930473913,0.04533674154009254,0.016164476460641727
2018-06-21,-0.0018928453862682715,0.010279069962514719,0.0072346094342784,-0.005007625554701731,-0.1640886039047924,-0.21246980597312126,0.003044460528236319,0.048381202068328855,0.01596729744993434
2018-06-22,-0.00014606931525071865,-0.002892762289936773,-0.0107874856492637,-0.005153694869952449,-0.16698136619472917,-0.22325729162238497,0.007894723359326927,0.056275925427655804,0.016962531527456942
2018-06-25,-0.00041732895025611583,0.006688558205937536,-0.003486533048107,-0.005571023820208565,-0.16029280798879164,-0.22674382467049198,0.010175091254044536,0.06645101668170034,0.016998541958243636
2018-06-26,0.00617323305894003,-0.0020326511995357624,-0.0137366174005636,0.0006022092387314654,-0.16232545918832741,-0.24048044207105557,0.011703966201027836,0.07815498288272815,0.016091071533651854
2018-06-27,0.003795508547050301,-0.006290204881541395,-0.0106172006993063,0.004397717785781767,-0.1686156640698688,-0.25109764277036184,0.004326995817764905,0.08248197870049304,0.015583099559086265
2018-06-28,-0.0077048993583617945,0.01874911245624818,0.0258175951063966,-0.003307181572580028,-0.1498665516136206,-0.22528004766396525,-0.007068482650148419,0.07541349605034464,0.015543843686201106
2018-06-29,0.004140105970605031,-0.00924155018592171,-0.0250449707938517,0.0008329243980250032,-0.15910810179954232,-0.25032501845781696,0.01580342060792999,0.09121691665827464,0.015511328361545446
2018-07-02,0.0004433580460719966,0.01022330319090994,0.0050509721706241,0.0012762824440969997,-0.14888479860863238,-0.24527404628719285,0.00517233102028584,0.09638924767856047,0.015110613023507151
2018-07-03,0.006526525838489496,-0.011283082374456393,-0.0126373816525786,0.0078028082825864955,-0.16016788098308876,-0.25791142793977145,0.0013542992781222073,0.09774354695668269,0.01477118060515122
2018-07-04,0.0031109735721620273,-0.020142052998401674,-0.0141230047693853,0.010913781854748523,-0.18030993398149042,-0.2720344327091567,-0.006019048229016374,0.0917244987276663,0.014472382188193201
2018-07-05,-0.0008995303468720007,0.0022519784892299504,0.0043769599469001,0.010014251507876522,-0.17805795549226047,-0.2676574727622566,-0.0021249814576701494,0.08959951726999613,0.01518264849427583
2018-07-06,-0.00870441045438645,0.013109373919236207,0.0275364805791961,0.0013098410534900726,-0.16494858157302428,-0.2401209921830605,-0.014427106659959893,0.07517241061003621,0.015021041376535888
2018-07-09,-0.005724754197501444,0.003815357742116167,0.0047801559177776,-0.004414913144011372,-0.1611332238309081,-0.23534083626528288,-0.0009647981756614331,0.07420761243437476,0.015306287511950217
2018-07-10,-0.00296220176590724,-0.020475392933310813,-0.0192443434376853,-0.0073771149099186115,-0.1816086167642189,-0.2545851797029682,-0.0012310494956255143,0.07297656293874927,0.014777927598928636
2018-07-11,-0.003605039701434884,0.018660663384554972,0.0243175116665149,-0.010982154611353497,-0.16294795337966395,-0.23026766803645327,-0.005656848281959927,0.06731971465678932,0.015011514259911473
2018-07-12,-0.0012612799999920472,0.0023046110067930703,0.0025855119268476,-0.012243434611345545,-0.16064334237287087,-0.22768215610960565,-0.0002809009200545297,0.06703881373673479,0.015387187792521951
2018-07-13,-0.0002711500768168816,-0.0007068680465275695,-0.0055640869728733,-0.012514584688162427,-0.16135021041939843,-0.23324624308247896,0.004857218926345731,0.07189603266308053,0.01533824172038176
2018-07-16,0.0025797696195920747,0.003364490736428364,-0.0046158967855024,-0.009934815068570352,-0.15798571968297007,-0.23786213986798135,0.007980387521930764,0.07987642018501129,0.01521764316775836
2018-07-17,0.0077395952455391786,-5.553165388621087e-05,-0.0046815121824121,-0.0021952198230311736,-0.1580412513368563,-0.24254365205039347,0.004625980528525889,0.08450240071353718,0.015073627188561976
2018-07-18,0.00020793430785094182,-0.009244200492374354,-0.0061786075943475,-0.001987285515180232,-0.16728545182923063,-0.24872225964474096,-0.003065592898026854,0.08143680781551033,0.015198191209663016
2018-07-19,0.0012712838939198917,0.009709884885287559,0.0195238217123159,-0.0007160016212603402,-0.15757556694394306,-0.22919843793242506,-0.009813936827028342,0.071622870988482,0.01564364787567888
2018-07-20,0.004452188659696848,0.007993654176108901,0.0097762877272114,0.0037361870384365076,-0.14958191276783417,-0.21942215020521366,-0.0017826335511024992,0.0698402374373795,0.01603611600361332
2018-07-23,0.00464813484934378,0.01603698411009466,0.014999904270854,0.008384321887780287,-0.1335449286577395,-0.20442224593435965,0.0010370798392406594,0.07087731727662014,0.015298954398910644
2018-07-24,0.0038783381196161107,0.003089686048025161,-0.0002460364219283,0.012262660007396398,-0.13045524260971436,-0.20466828235628795,0.003335722469953461,0.07421303974657359,0.014817810028239705
2018-07-25,0.021922722266078404,0.009986750703773962,-0.0082155072627219,0.0341853822734748,-0.1204684919059404,-0.21288378961900986,0.018202257966495862,0.09241529771306946,0.014740512737823966
2018-07-26,0.0009993743963463643,-0.004610106918843768,-0.0044173482770574,0.03518475666982116,-0.12507859882478417,-0.21730113789606725,-0.00019275864178636744,0.09222253907128308,0.015587309619803256
2018-07-27,0.0025144372435728954,-0.011552296845184778,-0.0052642453584715,0.037699193913394054,-0.13663089566996894,-0.22256538325453876,-0.006288051486713278,0.08593448758456981,0.0167640263890251
2018-07-30,0.003507313203635687,0.002922205027182396,0.002072620487642,0.04120650711702974,-0.13370869064278654,-0.22049276276689675,0.0008495845395403959,0.08678407212411021,0.017071963804171204
2018-07-31,0.0022466238942729505,-0.011798271447435003,-0.0191464010194507,0.043453131011302694,-0.14550696209022154,-0.23963916378634745,0.007348129572015695,0.0941322016961259,0.017336630165268246
2018-08-01,0.002509323163587099,-0.02006623484952525,-0.0225189443294556,0.04596245417488979,-0.1655731969397468,-0.26215810811580303,0.0024527094799303498,0.09658491117605625,0.01615131491972352
2018-08-02,0.011995469915242942,-0.004159429483030572,-0.0116559179276908,0.05795792409013273,-0.16973262642277737,-0.2738140260434938,0.007496488444660227,0.10408139962071644,0.016199470009898197
2018-08-03,0.012754279620382978,-0.009987540176121459,-0.0150924300381416,0.0707122037105157,-0.17972016659889883,-0.2889064560816354,0.005104889862020141,0.10918628948273656,0.016243829629882436
2018-08-06,-0.0015271453864547707,0.02024930239284643,0.027485125489262,0.06918505832406094,-0.15947086420605242,-0.2614213305923734,-0.007235823096415572,0.10195046638632096,0.01708431074341592
2018-08-07,0.013780671136931814,-0.00605793933862117,-0.0149594132541787,0.08296572946099276,-0.1655288035446736,-0.2763807438465521,0.008901473915557529,0.1108519403018785,0.016790408870058168
2018-08-08,-0.008340677993735892,0.013740258365103028,0.020964711400721,0.07462505146725687,-0.15178854517957055,-0.2554160324458311,-0.007224453035617971,0.10362748726626056,0.016264956600943407
2018-08-09,-0.006608563386555043,0.0016623340202697823,0.0013299140260933,0.06801648808070182,-0.15012621115930078,-0.2540861184197378,0.00033241999417648227,0.10395990726043705,0.016138854049839692
2018-08-10,-0.005440405872294015,-0.0007816359236401249,-0.0026096722438327,0.06257608220840781,-0.1509078470829409,-0.2566957906635705,0.001828036320192575,0.10578794358062962,0.01570358000418102
2018-08-13,0.0025558946223419267,0.0005123948970315823,-0.0025985502808299,0.06513197683074974,-0.1503954521859093,-0.2592943409444004,0.003110945177861482,0.1088988887584911,0.015701025430580717
2018-08-14,0.005426219011641749,-0.013173932946001731,-0.0217258144287563,0.0705581958423915,-0.16356938513191102,-0.2810201553731567,0.00855188148275457,0.1174507702412457,0.015270300587367105
2018-08-15,0.002765102998454573,-0.006838249317226625,-0.0077698113767463,0.07332329884084607,-0.17040763444913765,-0.28878996674990304,0.0009315620595196743,0.11838233230076539,0.0150394789867055
2018-08-16,0.004329091497641771,-0.012977104474966465,-0.0145641666673725,0.07765239033848784,-0.18338473892410412,-0.3033541334172755,0.001587062192406034,0.1199693944931714,0.01536919586447864
2018-08-17,-0.0015248498149036437,0.0031700430122885734,0.0101384972602765,0.0761275405235842,-0.18021469591181555,-0.293215636156999,-0.006968454247987926,0.11300094024518348,0.015754730835559668
2018-08-20,-0.004293057867486581,0.007008114887773678,0.0134385649461657,0.07183448265609761,-0.17320658102404188,-0.27977707121083334,-0.006430450058392022,0.10657049018679146,0.015790135562841156
2018-08-21,0.003818443207771444,-0.007482355130625278,-0.0083166601038789,0.07565292586386906,-0.18068893615466716,-0.2880937313147122,0.0008343049732536219,0.10740479516004506,0.015918904050164533
2018-08-22,-0.003875360739066547,0.003027033500640968,0.0039447573119619,0.0717775651248025,-0.1776619026540262,-0.2841489740027503,-0.0009177238113209319,0.1064870713487241,0.015668069257850574
2018-08-23,0.0014113990115482262,-0.0019444707437338432,0.0012885846462994,0.07318896413635073,-0.17960637339776006,-0.2828603893564509,-0.003233055390033243,0.10325401595869085,0.015545726010618792
2018-08-24,-0.007846731081303562,0.012186963764258507,0.0208845063185246,0.06534223305504717,-0.16741940963350155,-0.2619758830379263,-0.008697542554266092,0.09455647340442475,0.015420333770058779
2018-08-27,0.00011761978272767356,0.0010411279881063736,-0.0005258863921574,0.06545985283777485,-0.16637828164539517,-0.2625017694300837,0.0015670143802637736,0.09612348778468852,0.015482327152683186
2018-08-28,0.001306105227314498,-0.0042000473859447884,-0.0041876996162977,0.06676595806508935,-0.17057832903133996,-0.2666894690463814,-1.2347769647088475e-05,0.09611114001504145,0.01511161454432817
2018-08-29,0.003109679565584479,-0.010938863580391128,-0.0124475913143909,0.06987563763067384,-0.18151719261173108,-0.2791370603607723,0.001508727733999772,0.09761986774904122,0.0151047422436194
2018-08-30,0.004849461791701957,-0.006668060184423367,-0.0061733569970488,0.07472509942237579,-0.18818525279615445,-0.2853104173578211,-0.0004947031873745672,0.09712516456166664,0.014906349512010813
2018-08-31,-0.0003524969119609992,-0.0013117936064223582,-0.0014558534787456,0.07437260251041479,-0.1894970464025768,-0.2867662708365667,0.00014405987232324184,0.09726922443398989,0.014886399723965698
2018-09-03,-0.0006951225577570384,0.008854013794419623,0.0111305523235148,0.07367747995265775,-0.18064303260815717,-0.2756357185130519,-0.0022765385290951772,0.09499268590489474,0.015134031220248428
2018-09-04,0.00733079660328364,-0.007659030123717704,-0.0179032263431785,0.0810082765559414,-0.1883020627318749,-0.2935389448562304,0.010244196219460797,0.1052368821243555,0.015158960164121585
2018-09-05,0.0009314116384081766,-0.0028129071694053785,-0.0064712835623056,0.08193968819434957,-0.19111496990128027,-0.300010228418536,0.0036583763929002215,0.1088952585172557,0.014849549927220916
2018-09-06,0.0020191983307794484,0.003463912756096331,0.0030953313439373,0.08395888652512902,-0.18765105714518393,-0.29691489707459867,0.00036858141215903107,0.10926383992941474,0.014932216318694068
2018-09-07,0.006346461974578264,-0.012468208913654907,-0.0151045523895311,0.09030534849970728,-0.20011926605883884,-0.3120194494641298,0.0026363434758761937,0.11190018340529095,0.014367449387245984
2018-09-10,-0.00046478355567823815,0.00136726194264441,-0.0011152447085998,0.08984056494402905,-0.19875200411619443,-0.3131346941727296,0.0024825066512442102,0.11438269005653517,0.014381563473232974
2018-09-11,0.0032052770298259155,0.0015789157314978898,-0.0039326569593489,0.09304584197385496,-0.19717308838469655,-0.3170673511320785,0.0055115726908467905,0.11989426274738196,0.014736079737613842
2018-09-12,0.0005010998065178029,0.006714989817310528,0.0109540507204117,0.09354694178037276,-0.19045809856738602,-0.3061133004116668,-0.004239060903101173,0.11565520184428077,0.014803950518701925
2018-09-13,0.006097239562826445,-0.004878252838376605,-0.0032907710331277,0.0996441813431992,-0.19533635140576264,-0.3094040714447945,-0.0015874818052489048,0.11406772003903184,0.014451717371704859
2018-09-14,0.004471874299345727,-0.011452063766897069,-0.0122082067303949,0.10411605564254493,-0.2067884151726597,-0.3216122781751894,0.0007561429634978314,0.1148238630025297,0.014766489413011574
2018-09-17,-0.0032855473429109863,0.011803078593923098,0.0175268507093053,0.10083050829963394,-0.1949853365787366,-0.3040854274658841,-0.0057237721153822006,0.10910009088714748,0.014438322952726167
2018-09-18,-0.005513544369783093,0.006349649292853871,0.0127365470076944,0.09531696392985085,-0.18863568728588273,-0.2913488804581897,-0.006386897714840529,0.10271319317230695,0.0148342218041673
2018-09-19,0.002453058636338043,-0.0009315890099211523,-0.0006374068975386,0.0977700225661889,-0.1895672762958039,-0.2919862873557283,-0.0002941821123825523,0.1024190110599244,0.014450640418598745
2018-09-20,-0.004058837527913409,0.008619743090391718,0.0245589605831236,0.0937111850382755,-0.18094753320541218,-0.26742732677260467,-0.01593921749273188,0.08647979356719249,0.013895857237165913
2018-09-21,-0.0002069033565192334,-0.002873723964547104,-0.0064260303582367,0.09350428168175626,-0.18382125716995928,-0.27385335713084136,0.003552306393689596,0.09003209996088207,0.013805348348603955
2018-09-25,-0.004306863896357454,0.001504906348441679,0.0084527516720078,0.0891974177853988,-0.1823163508215176,-0.26540060545883354,-0.006947845323566121,0.08308425463731595,0.013253616742231642
2018-09-26,0.0035469446054354945,-0.011756560995621071,-0.007797799795558,0.09274436239083429,-0.19407291181713865,-0.27319840525439154,-0.003958761200063071,0.07912549343725289,0.01345710538193336
2018-09-27,-0.0028245676852933213,0.0060164405266779014,0.0103789909259298,0.08991979470554097,-0.18805647129046074,-0.26281941432846173,-0.004362550399251898,0.07476294303800099,0.013207818816709484
2018-09-28,0.011635247931583836,-0.022014471884372513,-0.0402635020149368,0.10155504263712481,-0.21007094317483327,-0.3030829163433985,0.018249030130564288,0.09301197316856524,0.013926923203324382
2018-10-08,0.0005782298018436769,0.0019395120479717672,0.0005813572711932,0.10213327243896848,-0.2081314311268615,-0.30250155907220533,0.0013581547767785671,0.09437012794534383,0.013784369268764874
2018-10-09,-0.0014864368900795947,0.0014763674485462667,0.0007202761829417,0.10064683554888888,-0.20665506367831524,-0.30178128288926365,0.0007560912656045666,0.09512621921094841,0.014328328019707773
2018-10-10,-0.009034891933983399,-0.06666428147283668,-0.0580020133998208,0.09161194361490549,-0.2733193451511519,-0.35978329628908445,-0.008662268073015879,0.08646395113793254,0.014016976546363313
2018-10-11,-0.011382001128169053,-0.011174990556634854,0.0088727069998085,0.08022994248673644,-0.28449433570778676,-0.35091058928927593,-0.020047697556443353,0.06641625358148917,0.013989597509645825
2018-10-12,-0.0015362914447911305,-0.010738885152927726,-0.0150429852616485,0.07869365104194531,-0.29523322086071446,-0.3659535745509244,0.004304100108720774,0.07072035369020996,0.013734625842144556
2018-10-15,0.005038443903505834,-0.013182046988643342,-0.0111352883697839,0.08373209494545114,-0.3084152678493578,-0.3770888629207083,-0.002046758618859442,0.06867359507135051,0.013311193290075775
2018-10-16,0.004517808365419487,0.008632198008247313,0.0062489628825497,0.08824990331087063,-0.29978306984111047,-0.3708399000381586,0.002383235125697613,0.07105683019704812,0.013921223409249006
2018-10-17,0.0005519949573945355,-0.02517510772349709,-0.0291553152948319,0.08880189826826516,-0.32495817756460754,-0.3999952153329905,0.003980207571334809,0.07503703776838294,0.014069777604432912
2018-10-18,-0.006903635731889488,0.013391688220934827,0.026621292850232,0.08189826253637568,-0.3115664893436727,-0.37337392248275847,-0.013229604629297174,0.061807433139085766,0.013944295400101754
2018-10-19,-0.0035037260519139987,0.037082090175596834,0.042468315550808,0.07839453648446168,-0.2744843991680759,-0.3309056069319505,-0.005386225375211169,0.0564212077638746,0.014011304224918652
2018-10-22,0.003969147269380325,-0.009545911613603617,-0.0233586483298512,0.08236368375384201,-0.2840303107816795,-0.35426425526180166,0.013812736716247585,0.07023394448012216,0.013930249420517139
2018-10-23,0.00746954818635119,0.004582704144219036,0.0024681262359944,0.0898332319401932,-0.2794476066374605,-0.35179612902580726,0.002114577908224636,0.07234852238834677,0.013287956904888348
2018-10-24,0.00870997845531002,-0.0011327567307513756,-0.0003548533999754,0.09854321039550322,-0.28058036336821185,-0.35215098242578263,-0.0007779033307759755,0.07157061905757078,0.013110201339737247
2018-10-25,0.00959216457067725,0.007870808467357032,-0.0014012772940005,0.10813537496618048,-0.2727095549008548,-0.35355225971978316,0.009272085761357532,0.08084270481892836,0.01373047300909391
2018-10-26,0.006063227490397196,-0.009447184128672277,-0.0227910732575062,0.11419860245657767,-0.2821567390295271,-0.37634333297728934,0.013343889128833922,0.09418659394776224,0.01477651524687186
2018-10-29,0.0030764167870332764,0.01131288964231114,0.009305877324722,0.11727501924361095,-0.27084384938721595,-0.36703745565256735,0.0020070123175891397,0.0961936062653514,0.015777476746683408
2018-10-30,-0.0034481630327801802,0.010769506877964363,0.0127389063892605,0.11382685621083076,-0.2600743425092516,-0.35429854926330684,-0.0019693995112961375,0.09422420675405524,0.016048637952061393
2018-10-31,-0.005187619711228327,0.0017904826454244408,0.0039059292273618,0.10863923649960243,-0.2582838598638272,-0.350392620035945,-0.002115446581937359,0.09210876017211783,0.015992613670392546
2018-11-01,-0.009646713212964727,0.018100509496855335,0.0283474321165822,0.0989925232866377,-0.24018335036697186,-0.3220451879193628,-0.010246922619726866,0.08186183755239096,0.014411811587125182
2018-11-02,0.005985923568101382,0.009108026374956323,-0.00370310633975,0.10497844685473907,-0.23107532399201552,-0.32574829425911284,0.012811132714706323,0.09467297026709731,0.014425636241929012
2018-11-05,0.004730478093161881,0.001149166477102009,-0.003134962071231,0.10970892494790095,-0.22992615751491352,-0.3288832563303438,0.004284128548333009,0.0989570988154303,0.01393100705370742
2018-11-06,-5.1194337002544826e-05,-0.0020253475009491618,-0.0057320671571691,0.10965773061089841,-0.23195150501586267,-0.33461532348751294,0.0037067196562199384,0.10266381847165026,0.014798963790907707
2018-11-07,0.008002161998407748,0.0029914441361540978,-0.0027204304621853,0.11765989260930616,-0.22896006087970858,-0.3373357539496982,0.005711874598339398,0.10837569306998965,0.015317272988269197
2018-11-08,0.0021562962073826243,-0.000603425322463333,-0.0126927750171558,0.11981618881668879,-0.2295634862021719,-0.35002852896685405,0.012089349694692466,0.12046504276468215,0.015478691120787758
2018-11-09,0.004633305279626961,0.025542228827521038,0.0153501215589054,0.12444949409631575,-0.20402125737465088,-0.33467840740794863,0.010192107268615637,0.13065715003329775,0.015691289121251208
2018-11-12,0.01213878617224951,0.02197999363046507,0.0109923632444849,0.13658828026856526,-0.1820412637441858,-0.32368604416346375,0.010987630385980168,0.14164478041927794,0.015534621083902736
2018-11-13,0.0018481382147793241,0.00019653526370411612,-0.0077770638743492,0.1384364184833446,-0.1818447284804817,-0.3314631080378129,0.007973599138053317,0.14961837955733123,0.015391351181591859
2018-11-14,-0.004288470735830901,0.0126136685502602,0.0136395285829369,0.13414794774751368,-0.1692310599302215,-0.31782357945487605,-0.0010258600326766999,0.14859251952465455,0.014791838334554481
2018-11-15,0.00446824263446121,0.010005830228415445,0.0054036128930333,0.1386161903819749,-0.15922522970180605,-0.31241996656184273,0.004602217335382144,0.15319473686003668,0.015357692534218351
2018-11-16,0.001985368934801577,0.00424890669491779,0.0079012084948854,0.14060155931677648,-0.15497632300688827,-0.30451875806695733,-0.0036523017999676097,0.14954243506006906,0.01571146511836327
2018-11-19,-0.002536667519505435,-0.023172559604630747,-0.0231548809849948,0.13806489179727105,-0.178148882611519,-0.3276736390519521,-1.7678619635946857e-05,0.14952475644043312,0.016074692447647764
2018-11-20,0.004280481579369061,0.0082862397039735,0.0028192200049957,0.1423453733766401,-0.16986264290754552,-0.32485441904695644,0.0054670196989778,0.15499177613941093,0.016190653306843952
2018-11-21,0.0024215359040861417,0.002142641791295518,-0.0018932905205505,0.14476690928072625,-0.16772000111625,-0.3267477095675069,0.0040359323118460185,0.15902770845125694,0.016446326315321298
2018-11-22,-0.005579329220967013,-0.037786866256001334,-0.0280824539507931,0.13918758005975923,-0.20550686737225132,-0.35483016351830005,-0.009704412305208233,0.14932329614604872,0.016126975491936067
2018-11-23,0.007817411881143922,0.0015121102681491666,-0.001543420486384,0.14700499194090316,-0.20399475710410214,-0.35637358400468405,0.0030555307545331667,0.1523788269005819,0.016072908715760878
2018-11-26,0.00337443186925138,0.007666222770890949,0.0008345788268434,0.15037942381015454,-0.19632853433321118,-0.35553900517784065,0.0068316439440475486,0.15921047084462947,0.016005855629732044
2018-11-27,-0.001110926072235645,0.008906995236523513,0.0109955202231489,0.1492684977379189,-0.18742153909668766,-0.3445434849546917,-0.002088524986625387,0.15712194585800407,0.01630795015989261
2018-11-28,-0.0008326380903988123,-0.018907802189784963,-0.0155315057162431,0.14843585964752007,-0.20632934128647262,-0.36007499067093485,-0.003376296473541863,0.15374564938446222,0.015588489031067779
2018-11-29,-0.0044743552956053876,0.003119559711140091,0.0080501697816002,0.14396150435191468,-0.20320978157533254,-0.3520248208893346,-0.00493061007046011,0.14881503931400208,0.015132939028395343
2018-11-30,-0.0020366187731207706,0.022825130718711895,0.0269509327204435,0.1419248855787939,-0.18038465085662064,-0.3250738881688911,-0.004125802001731606,0.14468923731227046,0.015191288320865757
2018-12-03,0.0019166770498992907,0.007024471500606891,0.003812566275892,0.1438415626286932,-0.17336017935601375,-0.3212613218929991,0.003211905224714891,0.14790114253698536,0.01489717789393756
2018-12-04,-0.0014890235306504508,-0.00639885413554637,-0.0056868982421553,0.14235253909804274,-0.1797590334915601,-0.3269482201351544,-0.0007119558933910697,0.1471891866435943,0.014619559022304354
2018-12-05,0.003521368610790857,-0.012382044546462918,-0.0188913875798141,0.1458739077088336,-0.19214107803802302,-0.3458396077149685,0.00650934303335118,0.1536985296769455,0.01431303447350886
2018-12-06,-0.00012101706664103264,0.00028258274839946255,0.0001491452519181,0.14575289064219257,-0.19185849528962357,-0.3456904624630504,0.00013343749648136254,0.15383196717342684,0.014468267538937103
2018-12-07,-0.0011401817013494736,-0.010436502919017251,-0.0101285521464814,0.1446127089408431,-0.20229499820864083,-0.3558190146095318,-0.0003079507725358508,0.15352401640089097,0.015592707362534795
2018-12-10,-0.0009022892303117687,0.006106597655095854,0.0049654489685917,0.14371041971053133,-0.19618840055354497,-0.3508535656409401,0.0011411486865041546,0.15466516508739514,0.015712740922477875
2018-12-11,-0.000937302074184762,-0.0001023902140361184,0.0027059892160177,0.14277311763634656,-0.1962907907675811,-0.3481475764249224,-0.0028083794300538182,0.1518567856573413,0.015596139105423498
2018-12-12,-0.0030838834528648476,0.005660263685502365,0.0117015542199434,0.13968923418348173,-0.19063052708207873,-0.336446022204979,-0.006041290534441034,0.14581549512290026,0.01515457860501055
2018-12-13,0.00098976180238772,-0.01849874079690653,-0.0182765820040464,0.14067899598586944,-0.20912926787898525,-0.3547226042090254,-0.00022215879286012832,0.14559333633004015,0.014954674350736772
2018-12-14,0.002536218104511003,0.000591513247491311,-0.0004058690959196,0.14321521409038043,-0.20853775463149393,-0.355128473304945,0.000997382343410911,0.14659071867345108,0.014783318001969598
2018-12-17,0.0013002656958666047,-0.004747546871886522,-0.008459700141384,0.14451547978624704,-0.21328530150338046,-0.363588173446329,0.0037121532694974783,0.15030287194294853,0.015083069553916164
2018-12-18,0.003564555371531707,-0.007848681572560997,-0.0114361352025488,0.14808003515777876,-0.22113398307594145,-0.3750243086488778,0.003587453629987804,0.15389032557293636,0.014596430722820374
2018-12-19,-0.000636799899256884,0.0028399389322066836,-0.0040319698665915,0.14744323525852188,-0.21829404414373477,-0.3790562785154693,0.006871908798798183,0.16076223437173454,0.015174309689523643
2018-12-20,0.0010028173139528826,-0.005203704155463529,-0.0089866229206708,0.14844605257247476,-0.2234977482991983,-0.3880429014361401,0.0037829187652072705,0.16454515313694182,0.01554055841860937
2018-12-21,-0.004402215734316237,0.004892041410518499,0.0052826346676367,0.14404383683815852,-0.2186057068886798,-0.38276026676850344,-0.0003905932571182007,0.16415455987982364,0.015285100179533774
2018-12-24,-0.005758272692783544,-0.011543987125158367,-0.0081914009794857,0.138285564145375,-0.23014969401383817,-0.3909516677479891,-0.003352586145672666,0.16080197373415095,0.015299093500685578
2018-12-25,0.0030667774619559224,2.565243230206967e-05,-0.0031853605745479,0.1413523416073309,-0.2301240415815361,-0.394137028322537,0.00321101300684997,0.1640129867410009,0.014513373434742509
2018-12-26,0.00042734480852231753,-0.011097228318157347,-0.0078737363569923,0.14177968641585323,-0.24122126989969345,-0.4020107646795293,-0.003223491961165047,0.16078949477983584,0.01484531734840049
2018-12-27,0.0019298173678052668,0.0010759183450853298,0.0039871385502771,0.1437095037836585,-0.24014535155460812,-0.3980236261292522,-0.0029112202051917706,0.15787827457464407,0.01474925021500503
2018-12-28,0.00580708297503382,-0.0004788664909723564,-0.0117821535864534,0.1495165867586923,-0.24062421804558048,-0.4098057797157056,0.011303287095481044,0.1691815616701251,0.015555557961912029
2019-01-02,0.01114869921260648,0.000546959726713715,-0.0028565278061003,0.16066528597129878,-0.24007725831886678,-0.4126623075218059,0.003403487532814015,0.1725850492029391,0.015458624456883252
2019-01-03,0.0014333114926705051,0.019067533387121895,0.0219374339050034,0.1620985974639693,-0.2210097249317449,-0.39072487361680247,-0.0028699005178815067,0.16971514868505758,0.015591417002550617
2019-01-04,0.002644627676267576,0.0164185717897678,0.0096227727770837,0.16474322514023687,-0.2045911531419771,-0.3811021008397188,0.0067957990126841,0.1765109476977417,0.015819115491424073
2019-01-07,0.0038384264184032364,0.00131768971390599,-0.0021642500604554,0.1685816515586401,-0.2032734634280711,-0.3832663509001742,0.00348193977436139,0.1799928874721031,0.01598448194895184
2019-01-08,0.00039960075374798564,0.0027159730318479817,0.0065767205552051,0.16898125231238809,-0.20055749039622311,-0.3766896303449691,-0.0038607475233571184,0.176132139948746,0.01590534398704592
2019-01-09,0.003341348076415059,0.0004434665183280583,-0.0039217852003664,0.17232260038880315,-0.20011402387789506,-0.3806114155453355,0.004365251718694459,0.18049739166744044,0.015860459575369835
2019-01-10,0.0030614573122230864,0.0078102997203138855,0.006835418054229,0.17538405770102625,-0.19230372415758118,-0.3737759974911065,0.0009748816660848855,0.18147227333352534,0.016086927049021777
2019-01-11,0.0043543250825882835,-0.0022689966795189577,-0.0073505336146019,0.17973838278361454,-0.19457272083710014,-0.38112653110570843,0.005081536935082943,0.1865538102686083,0.01652422670981483
2019-01-14,-0.0037086040562733487,0.006495905160949813,0.0138541509027997,0.17602977872734119,-0.18807681567615034,-0.36727238020290875,-0.007358245741849887,0.17919556452675842,0.01637523416315099
2019-01-15,-0.0031886562644049907,-0.002887989081542959,-0.0002564405276381,0.1728411224629362,-0.19096480475769328,-0.3675288207305469,-0.002631548553904859,0.1765640159728536,0.01701158851110604
2019-01-16,0.0021934158164813493,-0.0058219293691536,-0.0056183320106499,0.17503453827941756,-0.19678673412684689,-0.37314715274119675,-0.00020359735850369962,0.17636041861434987,0.01567474241837741
2019-01-17,-0.0014779990021043128,0.004380742409838818,0.013238311322704,0.17355653927731324,-0.19240599171700806,-0.3599088414184928,-0.008857568912865182,0.1675028497014847,0.01537925622207468
2019-01-18,-0.002249355679238043,0.00354675366132112,0.0058912100137822,0.1713071835980752,-0.18885923805568694,-0.3540176314047106,-0.0023444563524610803,0.16515839334902366,0.015496923394157354
2019-01-21,0.00034664598956402114,-0.007276663358070335,-0.0121968115288609,0.17165382958763922,-0.19613590141375728,-0.36621444293357147,0.004920148170790565,0.1700785415198142,0.015689480797005155
2019-01-22,-0.00045389338514870663,0.0010212807402283043,0.0008981509623474,0.17119993620249052,-0.19511462067352897,-0.36531629197122406,0.00012312977788090426,0.1702016712976951,0.015804830591460553
2019-01-23,-0.00022052991891343993,0.0030045466928843617,0.0043607279317799,0.17097940628357708,-0.1921100739806446,-0.3609555640394442,-0.001356181238895538,0.16884549005879956,0.015302286950221471
2019-01-24,-0.0031767149610344024,-0.006975238563878432,0.0029098062420202,0.16780269132254266,-0.19908531254452305,-0.358045757797424,-0.009885044805898632,0.15896044525290093,0.0159248299776815
2019-01-25,-0.0033303465002672023,-0.007280296820333171,-0.0024621611733707,0.16447234482227546,-0.20636560936485623,-0.3605079189707947,-0.004818135646962471,0.15414230960593847,0.015894102972571558
2019-01-28,-0.002129454148609513,-0.015120905879289995,-0.0040050374112362,0.16234289067366595,-0.22148651524414623,-0.3645129563820309,-0.011115868468053795,0.14302644113788468,0.015083690443249151
2019-01-29,-0.00034638334211430674,-0.011300912523727074,-0.0088748105896917,0.16199650733155163,-0.2327874277678733,-0.3733877669717226,-0.0024261019340353733,0.1406003392038493,0.014995841965521403
2019-01-30,-0.0046578645303885224,-0.015242546766542825,0.0017627153310517,0.1573386428011631,-0.24802997453441614,-0.3716250516406709,-0.017005262097594526,0.12359507710625475,0.014854180479089771
2019-01-31,-0.0019654660190305566,0.01881306857767966,0.0164454144130792,0.15537317678213255,-0.22921690595673647,-0.3551796372275917,0.0023676541646004585,0.12596273127085525,0.015297010447623228
2019-02-01,-0.0031019286376291998,0.017875789850109396,0.017391987787944,0.15227124814450335,-0.21134111610662706,-0.33778764943964773,0.0004838020621653963,0.12644653333302067,0.015480268400974703
2019-02-11,0.003086406049605068,0.011965138939357335,0.0079233849464341,0.1553576541941084,-0.19937597716726974,-0.32986426449321365,0.004041753992923235,0.13048828732594392,0.015010176208341452
2019-02-12,0.00014415957441583834,0.012735007588966276,0.0178161629632656,0.15550181376852423,-0.18664096957830345,-0.31204810152994805,-0.005081155374299323,0.1254071319516446,0.015041600842826786
2019-02-13,-0.0013865065165122633,0.003014241301696366,0.0012294734039953,0.15411530725201197,-0.1836267282766071,-0.31081862812595273,0.0017847678977010663,0.12719189984934565,0.01492070857479427
2019-02-14,0.00511211928114247,0.0011154982342796267,-0.0127143461934541,0.15922742653315444,-0.18251123004232747,-0.3235329743194068,0.013829844427733726,0.14102174427707934,0.014708271182240915
2019-02-15,-0.0016508618256090297,0.02365723901186808,0.0296285103225211,0.1575765647075454,-0.15885399103045938,-0.2939044639968857,-0.005971271310653021,0.1350504729664263,0.01440982526845316
2019-02-18,0.004875870598465664,0.004425287752539782,0.0003060783742927,0.16245243530601108,-0.1544287032779196,-0.293598385622593,0.0041192093782470825,0.1391696823446734,0.015424994734266131
2019-02-19,0.0016460858741422107,0.002621064982155671,0.0026760232960936,0.1640985211801533,-0.15180763829576394,-0.2909223623264994,-5.495831393792939e-05,0.13911472403073544,0.015172473604045028
2019-02-20,-0.00233890604103418,-0.003584706962618334,-0.003407111890974,0.16175961513911913,-0.15539234525838228,-0.29432947421747335,-0.00017759507164433414,0.13893712895909108,0.015255421853856642
2019-02-21,-0.0011010591599680064,0.014664964752278003,0.0191276872797856,0.16065855597915113,-0.14072738050610428,-0.27520178693768776,-0.0044627225275075955,0.13447440643158348,0.015217190680484858
2019-02-22,-0.0004134273131237902,0.03628723479206224,0.0543796976081246,0.16024512866602733,-0.10444014571404205,-0.22082208932956315,-0.01809246281606236,0.11638194361552111,0.016203158029668444
2019-02-25,0.005622189416258267,0.0028155424035074725,-0.0080396762078166,0.1658673180822856,-0.10162460331053458,-0.22886176553737975,0.010855218611324073,0.12723716222684517,0.01589724786121142
2019-02-26,0.0057305440476532405,0.0016122808414611178,-0.0001560870922231,0.17159786212993886,-0.10001232246907346,-0.22901785262960284,0.001768367933684218,0.12900553016052937,0.015516432895691523
2019-02-27,-0.0021120532068331353,0.0024300823469334343,-0.0022163034529464,0.16948580892310572,-0.09758224012214002,-0.23123415608254924,0.0046463857998798345,0.1336519159604092,0.015536036786485519
2019-02-28,-0.0017271682025203914,0.003919756182310618,0.0158306749967308,0.16775864072058533,-0.0936624839398294,-0.21540348108581844,-0.011910918814420184,0.12174099714598904,0.016298932774205133
2019-03-01,-0.001836912244208825,0.012320619885419165,0.013551427585616,0.1659217284763765,-0.08134186405441024,-0.20185205350020244,-0.001230807700196835,0.1205101894457922,0.016073314645231224
2019-03-04,0.005643789158661307,0.021641929652387686,0.0119143139613689,0.17156551763503783,-0.05969993440202255,-0.18993773953883353,0.009727615691018786,0.130237805136811,0.015793664433959895
2019-03-05,0.012730388600735614,0.02160290019716503,0.0133798988578763,0.18429590623577344,-0.03809703420485752,-0.17655784068095723,0.008223001339288728,0.1384608064760997,0.015055775570188133
2019-03-06,0.01496518872023796,0.018692154158047265,-0.0008832669381295,0.1992610949560114,-0.019404880046810256,-0.17744110761908674,0.019575421096176764,0.15803622757227648,0.014905592452120343
2019-03-07,-0.009526747600610985,-0.03948570779261011,-0.0426703885659484,0.18973434735540043,-0.05889058783942037,-0.22011149618503514,0.0031846807733382915,0.16122090834561478,0.015473846092417077
2019-03-08,-0.00015717571093764235,0.030492593916370835,0.0256992769932573,0.18957717164446278,-0.028397993923049532,-0.19441221919177784,0.004793316923113536,0.1660142252687283,0.016551343863643868
2019-03-11,0.0013881819199080517,0.014697634944932666,0.0121273175554188,0.19096535356437083,-0.013700358978116866,-0.18228490163635905,0.0025703173895138664,0.1685845426582422,0.01708163823632921
2019-03-12,-0.0015332842358043517,-0.01437547395625641,-0.0146904640296736,0.1894320693285665,-0.028075832934373275,-0.19697536566603266,0.0003149900734171901,0.1688995327316594,0.01665225004099147
2019-03-13,-0.008393522627695337,-0.024831960649391912,-0.0150706703732879,0.18103854670087116,-0.052907793583765184,-0.21204603603932057,-0.009761290276104012,0.15913824245555538,0.01593573056460849
2019-03-14,0.002133689380583815,0.012954846884123641,0.0115257914182647,0.18317223608145497,-0.03995294669964154,-0.20052024462105586,0.001429055465858942,0.16056729792141433,0.01578646596534339
2019-03-15,-0.002310937877143478,0.015852353553547967,0.0244443210595683,0.1808612982043115,-0.024100593146093575,-0.17607592356148755,-0.008591967506020332,0.15197533041539396,0.015947687729982157
2019-03-18,0.0009338005690993729,0.0024854818062662876,-0.0010386005151526,0.18179509877341085,-0.021615111339827287,-0.17711452407664013,0.0035240823214188876,0.15549941273681284,0.01569875295434931
2019-03-19,0.0059126144925724326,0.0031222537482391926,-0.0014302175232411,0.1877077132659833,-0.018492857591588096,-0.17854474159988123,0.004552471271480293,0.16005188400829315,0.014660318801267072
2019-03-20,0.004762619962699461,0.009885378206458581,0.0042465819751163,0.19247033322868276,-0.008607479385129515,-0.17429815962476494,0.005638796231342281,0.16569068023963543,0.01499922673851975
2019-03-21,-0.0007663901931776822,0.0031281916593360313,0.0008862142403085,0.1917039430355051,-0.005479287725793484,-0.17341194538445645,0.0022419774190275315,0.16793265765866297,0.01537508679739335
2019-03-22,0.0027829336400881644,-0.005859960219209073,-0.0187560191244772,0.19448687667559325,-0.011339247945002556,-0.19216796450893364,0.01289605890526813,0.1808287165639311,0.016347333709383516
2019-03-25,-0.0026698840202094543,-0.020410628649568257,-0.0173685418408224,0.1918169926553838,-0.03174987659457081,-0.20953650634975604,-0.003042086808745858,0.17778662975518522,0.01628301516269
2019-03-26,-0.0013164180272423366,0.00459255408365308,0.008821149037225,0.19050057462814146,-0.027157322510917733,-0.20071535731253104,-0.00422859495357192,0.1735580348016133,0.01648882133508815
2019-03-27,-0.003897395586977895,-0.011750739563722723,-0.0091615984868105,0.18660317904116358,-0.038908062074640454,-0.20987695579934154,-0.0025891410769122228,0.1709688937247011,0.01643184015658583
2019-03-28,-0.0030719706811269585,0.018041979948040632,0.0317806755048708,0.1835312083600366,-0.020866082126599822,-0.17809628029447075,-0.013738695556830167,0.15723019816787093,0.01598493858909964
2019-03-29,-0.00018827159274892132,0.024703905022805648,0.0289157997092267,0.1833429367672877,0.003837822896205826,-0.14918048058524405,-0.004211894686421053,0.15301830348144987,0.015370345840280039
2019-04-01,0.002464560040192451,0.004424818241788715,0.0009959600555372,0.18580749680748015,0.00826264113799454,-0.14818452052970685,0.0034288581862515154,0.1564471616677014,0.015066187763197972
2019-04-02,0.0043469054848571925,0.009641884089674022,0.0110267405212969,0.19015440229233735,0.017904525227668562,-0.13715778000840995,-0.0013848564316228783,0.1550623052360785,0.01489658905581698
2019-04-03,0.00103113225550349,0.0027943747539617638,0.008141213873208,0.19118553454784085,0.020698899981630325,-0.12901656613520196,-0.005346839119246237,0.14971546611683229,0.01575303442104641
2019-04-04,0.00564182704650909,0.00010309520161901718,-0.0024391107796338,0.19682736159434994,0.020801995183249343,-0.13145567691483576,0.0025422059812528174,0.1522576720980851,0.016242130750886426
2019-04-08,0.0019363192740674776,0.003772302191581754,0.0003726992506791,0.19876368086841742,0.0245742973748311,-0.13108297766415666,0.003399602940902654,0.15565727503898777,0.01690339599906039
2019-04-09,0.0055789850703376834,0.003264205192079442,-0.0007184468084606,0.2043426659387551,0.02783850256691054,-0.13180142447261725,0.003982652000540042,0.15963992703952778,0.017214482612651013
2019-04-10,0.0047866608781363595,-0.010659701234802664,-0.0184750303904839,0.20912932681689148,0.017178801332107876,-0.15027645486310115,0.007815329155681235,0.167455256195209,0.016642283673634288
2019-04-11,-0.0009344546410893702,-0.0017886251334569845,-0.0011128331812969,0.2081948721758021,0.015390176198650893,-0.15138928804439805,-0.0006757919521600845,0.16677946424304896,0.016797348601369333
2019-04-12,0.0001931025564098951,-0.00574445500082821,-0.0043942915926193,0.208387974732212,0.009645721197822683,-0.15578357963701736,-0.00135016340820891,0.16542930083484003,0.017205234843069593
2019-04-15,3.828647432676667e-05,0.013667219540895257,0.0239294718738194,0.20842626120653876,0.023312940738717938,-0.13185410776319795,-0.010262252332924143,0.15516704850191587,0.01785275229799725
2019-04-16,0.0041567541995326945,0.008582318315154396,0.0038853379856564,0.21258301540607144,0.03189525905387233,-0.12796876977754154,0.0046969803294979965,0.15986402883141387,0.017571086122352645
2019-04-17,0.0023107403501947095,-0.0027836990068360826,-0.0055073228442824,0.21489375575626615,0.02911156004703625,-0.13347609262182394,0.0027236238374463177,0.1625876526688602,0.016837974702105983
2019-04-18,0.002327000772371633,0.0063531334826041315,0.0076283655031633,0.2172207565286378,0.035464693529640386,-0.12584772711866066,-0.0012752320205591684,0.16131242064830104,0.016374163213448756
2019-04-19,0.001035460539690136,-0.008605712941162268,-0.0180000695962831,0.21825621706832793,0.026858980588478118,-0.14384779671494374,0.009394356655120832,0.17070677730342187,0.016658717202533275
2019-04-22,-0.004777895803911807,-0.01525993949201023,-0.0080318118145202,0.21347832126441613,0.011599041096467888,-0.15187960852946394,-0.00722812767749003,0.16347864962593184,0.017390916956591243
2019-04-23,0.0013264046488860896,0.007391822572762906,0.0045080222664411,0.2148047259133022,0.018990863669230792,-0.14737158626302285,0.002883800306321806,0.16636244993225363,0.017327219893865934
2019-04-24,-0.006748997705678825,-0.03163186919901447,-0.0280942704751491,0.20805572820762339,-0.012641005529783679,-0.17546585673817194,-0.00353759872386537,0.16282485120838827,0.016626556204204546
2019-04-25,-0.0009265784915877612,-0.009997097920418049,-0.0121585900042967,0.20712914971603563,-0.02263810345020173,-0.18762444674246864,0.0021614920838786515,0.1649863432922669,0.016678126241417086
2019-04-26,-0.010521170588930146,-0.02938813475682322,-0.0115772168662027,0.19660797912710548,-0.05202623820702495,-0.19920166360867134,-0.017810917890620517,0.14717542540164638,0.01633604257329305
2019-04-29,0.0030952644043203232,0.00818763780002167,0.0050932616760548,0.1997032435314258,-0.04383860040700328,-0.19410840193261653,0.00309437612396687,0.15026980152561326,0.016319854207959877
2019-04-30,0.004762391638347981,-0.050536868771455704,-0.064093342963868,0.20446563516977379,-0.09437546917845899,-0.2582017448964845,0.013556474192412293,0.16382627571802552,0.01603694747620218
2019-05-06,0.003564720599910919,0.011909708802281475,0.0089177668984443,0.2080303557696847,-0.0824657603761775,-0.2492839779980402,0.002991941903837175,0.1668182176218627,0.01601850895815947
2019-05-07,0.003730738728904047,0.00018514466296729571,-0.0103870331575191,0.21176109449858876,-0.08228061571321021,-0.2596710111555593,0.010572177820486396,0.17739039544234908,0.01607654864833464
2019-05-08,0.0008516618535939316,-0.005718466850220436,-0.0146547341273532,0.21261275635218269,-0.08799908256343066,-0.2743257452829125,0.008936267277132764,0.18632666271948184,0.016398961985539938
2019-05-09,-0.0059037592859395235,0.020597176904388892,0.0322000483882132,0.20670899706624316,-0.06740190565904176,-0.2421256968946993,-0.011602871483824308,0.1747237912356575,0.01595605620454259
2019-05-10,0.001563717512085167,-0.004134461136032941,-0.0126920457542893,0.20827271457832833,-0.0715363667950747,-0.2548177426489886,0.00855758461825636,0.1832813758539139,0.015509995245796252
2019-05-13,-0.0016845346812184832,-0.006518131974077634,-0.0066532250552092,0.20658817989710984,-0.07805449876915234,-0.2614709677041978,0.00013509308113156607,0.18341646893504548,0.014641662936003
2019-05-14,-0.0006634984332001709,0.014760132648937973,0.020180561134738,0.20592468146390966,-0.06329436612021437,-0.2412904065694598,-0.005420428485800028,0.17799604044924544,0.014926128388920022
2019-05-15,0.0041291306232686615,0.0071314850000502965,0.0048089978119853,0.21005381208717833,-0.05616288112016407,-0.2364814087574745,0.0023224871880649966,0.18031852763731043,0.01496910879745077
2019-05-16,0.0014142648471012708,-0.0241414748270124,-0.0276743557739096,0.2114680769342796,-0.08030435594717647,-0.2641557645313841,0.0035328809468972017,0.18385140858420765,0.015605396767293566
2019-05-17,-0.0002560267125865744,-0.003668058307973921,-0.0048056236003285,0.21121205022169304,-0.0839724142551504,-0.2689613881317126,0.0011375652923545786,0.1849889738765622,0.01588071232428198
2019-05-20,-0.0023504132988824574,0.010458774071948392,0.0136267831841682,0.20886163692281057,-0.073513640183202,-0.2553346049475444,-0.0031680091122198075,0.1818209647643424,0.016023962191938097
2019-05-21,-0.00023087664595680422,-0.004392130412564781,-0.0052865256056417,0.20863076027685376,-0.07790577059576678,-0.2606211305531861,0.0008943951930769191,0.1827153599574193,0.01615944294963713
2019-05-22,0.0012125419755064646,-0.016020215221717097,-0.0172275010022488,0.20984330225236023,-0.09392598581748388,-0.2778486315554349,0.0012072857805317042,0.183922645737951,0.015472560424806216
2019-05-23,-0.0002828948350211489,-0.005462652817162824,-0.0018184180525393,0.20956040741733908,-0.0993886386346467,-0.27966704960797417,-0.003644234764623524,0.18027841097332747,0.015515521113441965
2019-05-24,-0.002314903973798102,0.016220272541249893,0.0159544741699701,0.20724550344354098,-0.08316836609339681,-0.2637125754380041,0.00026579837127979275,0.18054420934460727,0.015267486361512263
2019-05-27,-0.0011723929909427118,0.00028192071853306075,0.0055905938973755,0.20607311045259827,-0.08288644537486375,-0.2581219815406286,-0.005308673178842439,0.17523553616576484,0.015317999272149552
2019-05-28,0.0013495458938821024,0.0020301157897039093,-0.0001318123491041,0.20742265634648038,-0.08085632958515984,-0.2582537938897327,0.0021619281388080094,0.17739746430457284,0.0153755086661068
2019-05-29,0.000730225073623013,-0.004537427086204547,-0.0047507204051585,0.2081528814201034,-0.0853937566713644,-0.2630045142948912,0.00021329331895395248,0.1776107576235268,0.0159874832548564
2019-05-30,-0.0015073155864769614,-0.0014449476666148267,-0.0027133696800896,0.20664556583362645,-0.08683870433797922,-0.2657178839749808,0.0012684220134747731,0.1788791796370016,0.01600345337712536
2019-05-31,0.0008663427125622947,-0.009365527241203968,-0.0041436045631774,0.20751190854618876,-0.09620423157918319,-0.2698614885381582,-0.005221922678026568,0.17365725695897505,0.01624813073428414
2019-06-03,0.00010444155222884264,-0.011158715818035412,-0.0101970397921408,0.20761635009841758,-0.1073629473972186,-0.28005852833029904,-0.000961676025894611,0.17269558093308043,0.015720108632251914
2019-06-04,0.0026188112901301018,0.0013905636453629983,0.0003002392956292,0.2102351613885477,-0.10597238375185561,-0.2797582890346698,0.0010903243497337983,0.1737859052828142,0.015662885788281934
2019-06-05,0.0005095448968444903,-0.01679806955338257,-0.0146210058285978,0.21074470628539219,-0.12277045330523818,-0.29437929486326764,-0.002177063724784772,0.17160884155802947,0.0157036093739776
2019-06-06,-0.0018956527128035816,0.005831376942031101,0.0103155664203442,0.2088490535725886,-0.11693907636320708,-0.28406372844292344,-0.0044841894783131,0.16712465207971636,0.016996905984229715
2019-06-10,-0.0014669530439960718,0.0235047369859377,0.0281249045861766,0.20738210052859252,-0.09343433937726937,-0.2559388238567468,-0.004620167600238898,0.16250448447947746,0.017080061346813835
2019-06-11,0.0032760898602933177,-0.0018073650109407507,-0.0066178768764574,0.21065819038888584,-0.09524170438821013,-0.2625567007332042,0.004810511865516649,0.16731499634499408,0.017175357342614692
2019-06-12,0.0041758063550999995,0.007179583528810866,0.0007160015893938,0.21483399674398584,-0.08806212085939927,-0.2618406991438104,0.006463581939417066,0.17377857828441115,0.015828476354375735
2019-06-13,0.0031166135564347063,-0.013490078480005538,-0.0120764048378169,0.21795061030042054,-0.1015521993394048,-0.27391710398162733,-0.001413673642188638,0.17236490464222254,0.016056184796241702
2019-06-14,0.006748021463537625,0.005212399326323957,0.0004952430192169,0.22469863176395816,-0.09633980001308085,-0.27342186096241045,0.004717156307107057,0.1770820609493296,0.015802045284090457
2019-06-17,0.000675243847109764,-0.0006634414494480888,0.0012233876349699,0.22537387561106792,-0.09700324146252894,-0.27219847332744057,-0.001886829084417989,0.17519523186491165,0.016373902844540482
2019-06-18,-0.003627148168370309,0.00739166169490913,0.0129107336755395,0.2217467274426976,-0.08961157976761981,-0.25928773965190105,-0.00551907198063037,0.16967615988428125,0.015373392605498588
2019-06-19,-0.003781848578252353,0.009007271814817381,0.022216386380719,0.21796487886444527,-0.08060430795280243,-0.23707135327118206,-0.013209114565901618,0.15646704531837963,0.015549342473278771
2019-06-20,-0.0004630870044312406,0.011262934472525545,0.0063248612931802,0.21750179186001403,-0.06934137348027689,-0.23074649197800187,0.004938073179345345,0.161405118497725,0.015832046373398283
2019-06-21,0.0002691481345670842,-0.0003442190469376852,0.0011094565069221,0.2177709399945811,-0.06968559252721457,-0.22963703547107978,-0.001453675553859785,0.1599514429438652,0.01556388448139328
2019-06-24,-0.00031439787854069826,-0.006970961968606418,-0.0096392349402953,0.2174565421160404,-0.07665655449582098,-0.23927627041137509,0.0026682729716888823,0.1626197159155541,0.015921880000526717
2019-06-25,-0.0011933274022378334,-0.0008169489229342051,-0.0014773522341867,0.21626321471380258,-0.07747350341875518,-0.2407536226455618,0.0006604033112524948,0.16328011922680663,0.01586459754890004
2019-06-26,-0.005322669718669989,0.002137679716470582,0.0085216674630804,0.2109405449951326,-0.0753358237022846,-0.2322319551824814,-0.006383987746609818,0.15689613148019682,0.016141064171646086
2019-06-27,-0.0015573118051542003,-0.009670763123652552,-0.0063583437937603,0.2093832331899784,-0.08500658682593715,-0.2385902989762417,-0.003312419329892252,0.15358371215030456,0.015815638034579384
2019-06-28,-0.00529839295643621,0.017217859659412218,0.0251038724828797,0.20408484023354218,-0.06778872716652493,-0.213486426493362,-0.007886012823467483,0.14569769932683707,0.01509072589290154
2019-07-01,-0.001821991206662318,-0.0012086518408795403,-2.532280264156252e-05,0.20226284902687985,-0.06899737900740446,-0.21351174929600356,-0.0011833290382379778,0.1445143702885991,0.014359024690784187
2019-07-02,0.0034263351079031994,-0.005667425993693229,-0.0087718346811965,0.20568918413478304,-0.07466480500109769,-0.22228358397720005,0.003104408687503271,0.14761877897610237,0.013797075350661023
2019-07-03,0.00437579193289412,-0.0007478204580159822,-0.0041371217392383,0.21006497606767716,-0.07541262545911367,-0.22642070571643835,0.0033893012812223175,0.15100808025732468,0.014117616848470882
2019-07-04,-0.001363452941871382,0.0009652755068669624,0.0027945898737312,0.20870152312580578,-0.07444734995224671,-0.22362611584270714,-0.0018293143668642376,0.14917876589046042,0.015236540490659468
2019-07-05,0.0007140722365959453,-0.023774312069698704,-0.0264926391149647,0.20941559536240173,-0.0982216620219454,-0.25011875495767183,0.0027183270452659954,0.15189709293572642,0.01558988070152215
2019-07-08,0.00046793196784861363,0.0025671568973414495,-0.0007501997292601,0.20988352733025034,-0.09565450512460395,-0.25086895468693193,0.0033173566266015498,0.155214449562328,0.015877600986532948
2019-07-09,0.0015380259912614177,-0.004150525530000464,-0.0049075456920974,0.21142155332151175,-0.09980503065460442,-0.2557765003790293,0.0007570201620969363,0.1559714697244249,0.015395400514334315
2019-07-10,0.001173081914067152,0.0009666650524916135,0.0006340203771346,0.2125946352355789,-0.0988383656021128,-0.2551424800018947,0.00033264467535701347,0.15630411439978192,0.015469604185045505
2019-07-11,0.0016664117920148127,0.0032875277418609908,0.0059906389552443,0.21426104702759372,-0.09555083786025181,-0.24915184104665042,-0.002703111213383309,0.1536010031863986,0.016201270330639762
2019-07-12,-0.0013357198833463587,0.005313454676478957,0.0055077195555428,0.21292532714424736,-0.09023738318377286,-0.24364412149110762,-0.00019426487906384297,0.15340673830733476,0.01605039217417133
2019-07-15,0.002439469873923765,0.002804507597381585,-0.0014684577890466,0.21536479701817113,-0.08743287558639128,-0.24511257928015423,0.004272965386428185,0.15767970369376294,0.015914738649236832
2019-07-16,3.518528261400926e-05,0.00038417162003192786,-0.0008350347651256,0.21539998230078514,-0.08704870396635934,-0.24594761404527982,0.0012192063851575279,0.15889891007892049,0.01493016398710068
2019-07-17,0.0026766508437746014,-0.011513527108613713,-0.011318673644074,0.21807663314455975,-0.09856223107497306,-0.25726628768935383,-0.0001948534645397123,0.15870405661438078,0.015506492178793518
2019-07-18,-0.001732974809324545,0.003442056353834374,0.0080696156983001,0.2163436583352352,-0.09512017472113868,-0.24919667199105372,-0.004627559344465727,0.15407649726991504,0.016214950430501796
2019-07-19,0.0015292489133815197,-0.018673679832005515,-0.0134186293568614,0.21787290724861672,-0.1137938545531442,-0.2626153013479151,-0.005255050475144116,0.1488214467947709,0.017024879224772107
2019-07-22,-0.002151989238759283,0.0073677288110420075,0.0059722725832454,0.21572091800985743,-0.1064261257421022,-0.2566430287646697,0.0013954562277966077,0.15021690302256752,0.016704649409188713
2019-07-23,-0.0027891533564999324,0.007139948210959659,0.0090516902916903,0.2129317646533575,-0.09928617753114254,-0.2475913384729794,-0.001911742080730641,0.14830516094183688,0.01630091501722781
2019-07-24,-0.002863569773510192,0.0005961482489913721,0.0052382761029249,0.21006819487984732,-0.09869002928215116,-0.2423530623700545,-0.004642127853933528,0.14366303308790335,0.015847663859487052
2019-07-25,-0.0008095655375091465,0.0003284179725447142,0.0013741817259798,0.2092586293423382,-0.09836161130960645,-0.2409788806440747,-0.001045763753435086,0.14261726933446822,0.01521499418724705
2019-07-26,-0.0017552915380980502,-0.001195088681677719,-0.0007776909861013,0.20750333780424013,-0.09955669999128418,-0.241756571630176,-0.00041739769557641896,0.1421998716388918,0.014963116185457696
2019-07-29,-0.0006765727688506254,0.003227943605419755,0.0043107022622238,0.2068267650353895,-0.09632875638586443,-0.2374458693679522,-0.0010827586568040453,0.1411171129820878,0.014827107916147482
2019-07-30,-0.0004116218066692701,-0.005112305157039776,-0.0070214188614364,0.20641514322872023,-0.1014410615429042,-0.2444672882293886,0.001909113704396624,0.1430262266864844,0.01494337338163502
2019-07-31,-0.0002633653512474041,-0.003241653089407399,-0.007148519301761,0.20615177787747282,-0.1046827146323116,-0.2516158075311496,0.0039068662123536,0.146933092898838,0.015048022512092817
2019-08-01,-0.0036873568747509775,-0.013439445509198704,-0.014864137074213,0.20246442100272186,-0.11812216014151031,-0.2664799446053626,0.0014246915650142963,0.1483577844638523,0.015469831460603026
2019-08-02,2.4842669188631575e-05,-0.009123969801496466,-0.0162535993097497,0.20248926367191047,-0.12724612994300677,-0.2827335439151123,0.007129629508253233,0.15548741397210553,0.01523688578979995
2019-08-05,-0.00724180491666491,-0.02442109496186976,-0.0164958133832842,0.19524745875524557,-0.15166722490487652,-0.2992293572983965,-0.007925281578585557,0.14756213239351998,0.015011303826262824
2019-08-06,0.0012402777310426068,-0.0013038540934372455,-0.003760972526929,0.19648773648628817,-0.15297107899831378,-0.3029903298253255,0.0024571184334917545,0.1500192508270117,0.014370262848967433
2019-08-07,-0.001772537978745061,0.0036505000584972805,0.0097574436155389,0.19471519850754312,-0.14932057893981648,-0.2932328862097866,-0.0061069435570416195,0.14391230726997012,0.014148974717255737
2019-08-08,0.0005685030756920235,-0.008165081302329067,-0.0085564940562342,0.19528370158323516,-0.15748566024214555,-0.3017893802660208,0.00039141275390513174,0.14430372002387526,0.01445761513433945
2019-08-09,-0.0031193250161704144,0.010529346077267222,0.0157441059917423,0.19216437656706475,-0.14695631416487834,-0.2860452742742785,-0.005214759914475078,0.13908896010940017,0.014701568460454865
2019-08-12,-0.0018838668501557384,-0.0053268395976926435,-0.0069956035420279,0.19028050971690902,-0.15228315376257098,-0.2930408778163064,0.0016687639443352569,0.1407577240537354,0.015063337699846894
2019-08-13,-0.0011687521519749592,0.004253465228290467,0.0047523215001223,0.18911175756493406,-0.14802968853428053,-0.2882885563161841,-0.0004988562718318329,0.14025886778190358,0.015112252580639437
2019-08-14,-0.0024715754635167317,0.0011053962315655983,0.0032629898295355,0.18664018210141733,-0.14692429230271492,-0.2850255664866486,-0.002157593597969902,0.1381012741839337,0.015090835621040598
2019-08-15,-0.000760135736873891,0.0030997824150344163,0.0034531074878289,0.18588004636454344,-0.1438245098876805,-0.2815724589988197,-0.0003533250727944838,0.13774794911113922,0.01465042277504441
2019-08-16,-0.0018453890095780124,0.02109473768078715,0.0228493829868133,0.18403465735496544,-0.12272977220689335,-0.2587230760120064,-0.001754645306026148,0.13599330380511304,0.0144187765508607
2019-08-19,0.002074769840361105,0.002526861330425222,-0.0007152651295374,0.18610942719532655,-0.12020291087646813,-0.2594383411415438,0.003242126459962622,0.13923543026507568,0.014341986077453274
2019-08-20,0.00032900169590417244,0.0011759260124065648,-0.0002816222109887,0.18643842889123072,-0.11902698486406156,-0.2597199633525325,0.0014575482233952649,0.14069297848847095,0.013947243132573024
2019-08-21,0.0018044647666663857,0.003624603034317398,0.001633147766652,0.1882428936578971,-0.11540238182974416,-0.2580868155858805,0.001991455267665398,0.14268443375613632,0.01402155668349946
2019-08-22,0.00016128853401565135,-0.0011012802786974007,0.0033793314903308,0.18840418219191274,-0.11650366210844156,-0.25470748409554966,-0.004480611769028201,0.13820382198710812,0.014161611023551747
2019-08-23,-0.0009835803473979185,-0.006381091485697399,-0.0107685680576831,0.1874206018445148,-0.12288475359413896,-0.2654760521532328,0.004387476571985701,0.1425912985590938,0.014591654035801463
2019-08-26,0.002945982430931484,0.015624494814933257,0.0145304372334204,0.19036658427544628,-0.1072602587792057,-0.2509456149198124,0.0010940575815128577,0.14368535614060668,0.01516927253728335
2019-08-27,0.003401590330646118,0.0015538067221519615,-0.0030863154600817,0.1937681746060924,-0.10570645205705373,-0.2540319303798941,0.004640122182233661,0.14832547832284035,0.015334994801888347
2019-08-28,-0.0011553441205735626,-0.001163258414959805,-0.001414086717042,0.19261283048551886,-0.10686971047201353,-0.2554460170969361,0.000250828302082195,0.14857630662492255,0.01497881477535923
2019-08-29,-0.0033344418365315997,-0.012428756014153976,-0.0039358913738441,0.18927838864898727,-0.11929846648616751,-0.2593819084707802,-0.008492864640309876,0.14008344198461267,0.015050861164673905
2019-08-30,-0.0013785995563738412,0.017114523381406618,0.0153533390510022,0.18789978909261343,-0.1021839431047609,-0.244028569419778,0.001761184330404418,0.1418446263150171,0.01508992112500091
2019-09-02,-0.0007104409337959531,0.0040998978654086015,0.0031454121912061,0.18718934815881746,-0.0980840452393523,-0.2408831572285719,0.0009544856742025013,0.1427991119892196,0.015311304591760345
2019-09-03,-0.00022929338400615688,0.005690987946054962,0.0089425186100308,0.1869600547748113,-0.09239305729329733,-0.23194063861854108,-0.0032515306639758386,0.13954758132524375,0.015283071263569734
2019-09-04,-0.0016040694230798794,0.005829992566780137,0.0093081368425427,0.18535598535173142,-0.08656306472651719,-0.2226325017759984,-0.0034781442757625637,0.1360694370494812,0.014880511998765429
2019-09-05,-0.0016924114345898272,0.001919348039715859,0.0043773904770668,0.1836635739171416,-0.08464371668680133,-0.21825511129893158,-0.002458042437350941,0.13361139461213023,0.014968937201929463
2019-09-06,-0.0015902668022628554,0.014428312707160407,0.0110787287907141,0.18207330711487876,-0.07021540397964092,-0.2071763825082175,0.0033495839164463075,0.13696097852857658,0.014521211999923603
2019-09-09,0.004065713602657895,0.003391839888894255,-0.0017753691049116,0.18613902071753666,-0.06682356409074666,-0.2089517516131291,0.005167208993805855,0.14212818752238243,0.015994836525473
2019-09-10,0.0012043916586021604,-0.004303284267330184,-0.0051386714178541,0.18734341237613883,-0.07112684835807685,-0.2140904230309832,0.0008353871505239162,0.14296357467290632,0.015197981333850844
2019-09-11,0.000951079271706349,0.0050197219156955615,0.0068080741613192,0.18829449164784517,-0.06610712644238129,-0.20728234886966398,-0.0017883522456236386,0.1411752224272827,0.015266396293796336
2019-09-12,0.00015744987068031007,0.002281000453895945,-0.0001504411195609,0.18845194151852548,-0.06382612598848535,-0.20743278998922487,0.0024314415734568453,0.14360666400073951,0.014725806369138617
2019-09-16,-0.004923476473192203,-0.020064658086196025,-0.0182574066341475,0.1835284650453333,-0.08389078407468137,-0.22569019662337236,-0.0018072514520485264,0.141799412548691,0.014339362971825937
2019-09-17,-0.002444059845298294,0.00015163576745192886,0.0021404972263647,0.181084405200035,-0.08373914830722944,-0.22354969939700767,-0.001988861458912771,0.13981055108977825,0.014580110483071118
2019-09-18,-0.0022897098392736823,0.006450310301021058,0.005867524825609,0.1787946953607613,-0.07728883800620838,-0.21768217457139866,0.0005827854754120575,0.14039333656519026,0.014921270075655708
2019-09-19,1.3748526870208524e-05,0.0010236682072848938,0.0021868905021832,0.17880844388763154,-0.07626516979892349,-0.21549528406921545,-0.001163222294898306,0.13923011427029197,0.014991686172002352
2019-09-20,-0.0022773270545076362,-0.008224645669538911,-0.0099539017118717,0.1765311168331239,-0.0844898154684624,-0.22544918578108714,0.0017292560423327885,0.14095937031262473,0.014460968276547947
2019-09-23,-0.0018200522008007545,0.0010771635436432417,0.0022805587864175,0.17471106463232314,-0.08341265192481916,-0.22316862699466963,-0.0012033952427742583,0.1397559750698505,0.01433633013746521
2019-09-24,-0.00040452851677977227,-0.014877141608673736,-0.0116868330318336,0.17430653611554336,-0.09828979353349289,-0.23485546002650323,-0.0031903085768401358,0.13656566649301033,0.014631488274203214
2019-09-25,0.0038194125911220093,-0.018891076092904312,-0.0137195685600183,0.17812594870666537,-0.1171808696263972,-0.24857502858652153,-0.005171507532886012,0.13139415896012432,0.0142200834817725
2019-09-26,0.0007432531401229403,0.006975534245356783,0.00357064854609,0.1788692018467883,-0.11020533538104042,-0.24500438004043154,0.003404885699266783,0.13479904465939113,0.01418155473212045
2019-09-27,0.001052824374607689,-0.007415234578265157,-0.009799211379862,0.179922026221396,-0.11762056995930557,-0.2548035914202935,0.002383976801596843,0.13718302146098793,0.01456477664885647
2019-09-30,-0.0003981453407105918,0.0011301268840062052,0.0029397057947559,0.1795238808806854,-0.11649044307529936,-0.25186388562553763,-0.0018095789107496947,0.13537344255023825,0.01491620082683345
2019-10-08,-0.001348448671569574,0.006523932402030669,0.0047585211133725,0.17817543220911583,-0.1099665106732687,-0.24710536451216514,0.0017654112886581691,0.13713885383889646,0.014502006419604129
2019-10-09,-0.002620045179160903,0.008647893969937018,0.0095599653174757,0.17555538702995493,-0.10131861670333167,-0.23754539919468945,-0.0009120713475386823,0.13622678249135778,0.014444974724802707
2019-10-10,0.003428026700667168,0.003024375879619966,0.0070422060370176,0.1789834137306221,-0.0982942408237117,-0.23050319315767184,-0.004017830157397635,0.13220895233396013,0.01369826331098177
2019-10-11,0.0007941858613754931,0.011726209748471848,0.0121976383994122,0.1797775995919976,-0.08656803107523986,-0.21830555475825963,-0.0004714286509403514,0.13173752368301977,0.013857453930523764
2019-10-14,0.004944363391110015,-0.0058173053854643185,-0.0072456442893855,0.1847219629831076,-0.09238533646070418,-0.22555119904764515,0.0014283389039211813,0.13316586258694096,0.013937861321240233
2019-10-15,-0.003859587238782172,-0.006649960576767942,-0.0041725906644979,0.18086237574432545,-0.09903529703747213,-0.22972378971214305,-0.0024773699122700426,0.13068849267467092,0.014407515394065918
2019-10-16,-0.0009143770349592789,-0.001424815130528303,-4.909195908094479e-05,0.17994799870936617,-0.10046011216800044,-0.229772881671224,-0.0013757231714473582,0.12931276950322357,0.014672472696409368
2019-10-17,0.00036822471656369825,-0.009355451256794364,-0.0127693919484936,0.18031622342592987,-0.1098155634247948,-0.2425422736197176,0.003413940691699235,0.13272671019492283,0.014925950873374812
2019-10-18,0.0017997849994783937,-0.0024011447552811653,0.0012430251199828,0.18211600842540826,-0.11221670818007597,-0.2412992484997348,-0.0036441698752639655,0.12908254031965882,0.015345047299832038
2019-10-21,-0.0020113068231059046,0.007640725443203711,0.0061781057422775,0.18010470160230235,-0.10457598273687226,-0.2351211427574573,0.0014626197009262112,0.13054516002058503,0.01528523979841618
2019-10-22,0.0042633900604996475,-0.0026329333997450566,-0.0052665686975749,0.184368091662802,-0.10720891613661732,-0.24038771145503218,0.0026336352978298433,0.13317879531841487,0.014746754408435502
2019-10-23,0.002382059023288116,0.0007148759320981582,-0.0004135939187166,0.1867501506860901,-0.10649404020451916,-0.24080130537374878,0.0011284698508147583,0.1343072651692296,0.014272488587006393
2019-10-24,0.00041874677704344896,0.005196643478937837,0.0059944959986569,0.18716889746313356,-0.10129739672558133,-0.23480680937509188,-0.0007978525197190629,0.13350941264951055,0.014309787770191904
2019-10-25,0.0003699232639570282,0.013095231963441601,0.0099450100610279,0.18753882072709058,-0.08820216476213973,-0.22486179931406397,0.003150221902413701,0.13665963455192426,0.014625445075732211
2019-10-28,7.147694725045337e-05,-0.010826388238996695,-0.0085725913683219,0.18761029767434104,-0.09902855300113642,-0.23343439068238586,-0.002253796870674795,0.13440583768124945,0.01450202932091523
2019-10-29,-0.004366496290215883,-0.011988510372173956,-0.0060336105913678,0.18324380138412516,-0.11101706337331037,-0.23946800127375367,-0.0059548997808061555,0.12845093790044332,0.014063327012726272
2019-10-30,-0.002962765961107279,-0.009595650910647804,-0.0048025433788397,0.18028103542301788,-0.12061271428395817,-0.24427054465259337,-0.004793107531808104,0.1236578303686352,0.014575837165001722
2019-10-31,-0.0010490690165670814,0.006792868804934948,0.0107465880022442,0.17923196640645078,-0.11381984547902323,-0.23352395665034917,-0.003953719197309251,0.11970411117132594,0.01471847216275015
2019-11-01,-0.005434110546188483,-0.0005511377869529586,0.0059445119481917,0.1737978558602623,-0.11437098326597618,-0.22757944470215746,-0.006495649735144659,0.11320846143618128,0.015008047637183138
2019-11-04,-0.0022570607859355445,-0.00012189787454239708,0.0053922270624829,0.17154079507432676,-0.11449288114051857,-0.22218721763967456,-0.005514124937025297,0.10769433649915598,0.014546685649686334
2019-11-05,-5.527962953253337e-05,-0.007033854484012664,-0.0052159015843481,0.17148551544479423,-0.12152673562453124,-0.22740311922402265,-0.0018179528996645645,0.1058763835994914,0.014437495973168957
2019-11-06,-0.0020994167200005503,0.0036081634010811754,0.0021234738642791,0.16938609872479368,-0.11791857222345006,-0.22527964535974354,0.0014846895368020754,0.10736107313629348,0.014382023433584112
2019-11-07,-0.00017994274122339976,-0.0023211482678499734,-0.0045939467804841,0.16920615598357028,-0.12023972049130004,-0.22987359214022765,0.0022727985126341265,0.10963387164892761,0.01435058243988545
2019-11-08,-0.0018846409269967764,-0.02097198747060325,-0.0197335825760163,0.1673215150565735,-0.1412117079619033,-0.24960717471624394,-0.0012384048945869482,0.10839546675434064,0.014425008794938401
2019-11-11,0.0012651487530582174,0.0030142403666561517,0.0015200640762116,0.16858666380963172,-0.13819746759524715,-0.24808711064003233,0.0014941762904445517,0.10988964304478518,0.014378519765938912
2019-11-12,-0.0028429489132353906,-0.004297944095071908,-0.002612353346803,0.16574371489639633,-0.14249541169031907,-0.25069946398683535,-0.0016855907482689085,0.10820405229651628,0.014535754880891462
2019-11-13,-0.002461926486374512,0.0031432373385599016,0.0024455100954825,0.16328178841002183,-0.13935217435175917,-0.24825395389135285,0.0006977272430774015,0.10890177953959368,0.014041183543876859
2019-11-14,-0.000621631060867413,-0.010247287013829223,-0.0077885634027354,0.16266015734915443,-0.14959946136558838,-0.2560425172940883,-0.0024587236110938234,0.1064430559284999,0.013893152716507429
2019-11-15,-0.0015339841035449733,0.004806629909313649,0.0063820170244894,0.16112617324560946,-0.14479283145627472,-0.24966050026959888,-0.001575387115175751,0.10486766881332416,0.013539682179280046
2019-11-18,-0.0021289674321630495,0.012591296930425147,0.0112394574087703,0.15899720581344642,-0.13220153452584957,-0.23842104286082857,0.0013518395216548466,0.10621950833497901,0.01368054716727474
2019-11-19,0.0018894618127300244,-0.003741379651459241,-0.0079439541999695,0.16088666762617646,-0.1359429141773088,-0.24636499706079806,0.0042025745485102595,0.11042208288348926,0.013303368543039413
2019-11-20,0.0038569184015624747,0.0014688747951379071,-0.0027978829685693,0.16474358602773892,-0.1344740393821709,-0.24916288002936737,0.004266757763707207,0.11468884064719648,0.012935407547441782
2019-11-21,0.008481903273054685,-0.002930333809983772,-0.0093177854849555,0.1732254893007936,-0.13740437319215468,-0.25848066551432286,0.0063874516749717275,0.12107629232216818,0.013640545063446545
2019-11-22,0.012290387184269495,0.004068552685670498,0.0037868899582502,0.1855158764850631,-0.13333582050648418,-0.25469377555607264,0.0002816627274202983,0.12135795504958846,0.01431989888835527
2019-11-25,-0.002326078607575433,-0.001849590538055314,0.0014051761976877,0.18318979787748765,-0.1351854110445395,-0.25328859935838494,-0.003254766735743014,0.11810318831384545,0.014833621308211573
2019-11-26,-0.0016088061825766282,-0.0021835521628239905,-0.0018954533575236,0.18158099169491101,-0.13736896320736347,-0.25518405271590855,-0.0002880988053003905,0.11781508950854508,0.014841856269935996
2019-11-27,-0.00119945689896572,-0.0031096561077869765,-0.004066299379376,0.1803815347959453,-0.14047861931515046,-0.2592503520952846,0.0009566432715890235,0.11877173278013411,0.01487869500433503
2019-11-28,0.004132137255933419,0.0020304689296411754,-0.0051875343012178,0.1845136720518787,-0.13844815038550928,-0.2644378863965024,0.007218003230858976,0.12598973601099311,0.01469193496700729
2019-11-29,-0.0002876669780497536,0.0007498406139610435,0.0018803461471114,0.18422600507382897,-0.13769830977154823,-0.262557540249391,-0.0011305055331503567,0.12485923047784275,0.014771201336528263
2019-12-02,0.00027092746725356756,0.004906893581405643,0.0034864077380021,0.18449693254108254,-0.1327914161901426,-0.2590711325113889,0.0014204858434035432,0.12627971632124632,0.014860427242964798
2019-12-03,0.0004676571837056181,0.0014755690273892696,-0.0009298270846921,0.18496458972478816,-0.13131584716275332,-0.260000959596081,0.0024053961120813695,0.12868511243332767,0.01467959545034877
2019-12-04,-0.004329547968314759,0.0053758987299306355,0.0083885061706709,0.1806350417564734,-0.1259399484328227,-0.2516124534254101,-0.003012607440740264,0.12567250499258742,0.014149830570770724
2019-12-05,-0.00278501567132042,0.003639734790789535,0.005270032783897,0.177850026085153,-0.12230021364203315,-0.2463424206415131,-0.0016302979931074654,0.12404220699947995,0.014010218849304819
2019-12-06,-2.9367362960671916e-05,0.0012474464298113006,7.037958078877636e-05,0.17782065872219233,-0.12105276721222186,-0.2462720410607243,0.0011770668490225242,0.12521927384850245,0.01393631770124495
2019-12-09,0.0003491975347667131,0.0032350765780690973,0.0015704567154547,0.17816985625695905,-0.11781769063415276,-0.24470158434526962,0.0016646198626143972,0.12688389371111686,0.013787558901402819
2019-12-10,0.0014655020923028694,-0.0009618634286665928,0.000162882249033,0.17963535834926192,-0.11877955406281936,-0.24453870209623663,-0.0011247456776995928,0.12575914803341726,0.013797371279207942
2019-12-11,-0.004000639828701991,-0.004215418769295216,-0.0023316226983488,0.17563471852055992,-0.12299497283211458,-0.24687032479458543,-0.0018837960709464164,0.12387535196247085,0.014176742964956045
2019-12-12,-0.002401411061909558,0.00802491379589605,0.016691756377315,0.17323330745865037,-0.11497005903621853,-0.2301785684172704,-0.00866684258141895,0.11520850938105189,0.014534098698854036
2019-12-13,-0.0011442095411049724,0.011688690270211445,0.0081030303960373,0.1720890979175454,-0.10328136876600708,-0.22207553802123312,0.0035856598741741443,0.11879416925522604,0.014589722761299148
2019-12-16,0.003056185966547735,0.011299545088575155,0.01244994985073,0.17514528388409314,-0.09198182367743192,-0.2096255881705031,-0.0011504047621548451,0.11764376449307119,0.014278751667457876
2019-12-17,0.0021313228305500386,0.0018405901070837813,-0.0010819306794697,0.17727660671464318,-0.09014123357034814,-0.21070751884997282,0.0029225207865534813,0.12056628527962468,0.013492120812483138
2019-12-18,0.004184555165336225,0.00668498876313014,0.0008162748866563,0.1814611618799794,-0.083456244807218,-0.20989124396331652,0.00586871387647384,0.12643499915609852,0.01351073880876568
2019-12-19,-0.0015742238762108856,-0.007793273374162174,-0.005296488944981,0.1798869380037685,-0.09124951818138018,-0.2151877329082975,-0.0024967844291811743,0.12393821472691734,0.014238069478986327
2019-12-20,-0.003185514656954393,-0.017729050254616102,-0.0161841024061907,0.17670142334681413,-0.10897856843599628,-0.2313718353144882,-0.0015449478484254008,0.12239326687849193,0.014292827701826376
2019-12-23,0.00024393574850610863,0.012121292518567526,0.0088647141414445,0.17694535909532025,-0.09685727591742875,-0.22250712117304372,0.003256578377123027,0.12564984525561496,0.01471772469833007
2019-12-24,-0.003779329313458855,0.00016719744904218379,0.0011317226346504,0.17316602978186138,-0.09669007846838656,-0.22137539853839333,-0.0009645251856082163,0.12468532007000677,0.014729602664128011
2019-12-25,0.00122793357809487,0.006848621136692643,0.0078961686844507,0.17439396335995624,-0.08984145733169392,-0.21347922985394263,-0.0010475475477580562,0.12363777252224871,0.014191966740925857
2019-12-26,0.0033589885471905136,-0.00305534435241256,-0.0029584728227726,0.17775295190714677,-0.09289680168410648,-0.21643770267671522,-9.687152963996004e-05,0.12354090099260874,0.01368131621837032
2019-12-27,0.0002809684482905242,0.005090555499519111,0.0107264979851306,0.1780339203554373,-0.08780624618458736,-0.20571120469158463,-0.005635942485611489,0.11790495850699727,0.01401338083840636
2019-12-30,-0.0006528899648939051,0.004425283383468829,0.0037023879040898,0.1773810303905434,-0.08338096280111854,-0.20200881678749483,0.000722895479379029,0.11862785398637629,0.014247983225715157
2019-12-31,-0.0022559230404617706,0.012973290807155943,0.0141089223778344,0.17512510735008163,-0.0704076719939626,-0.18789989440966043,-0.0011356315706784574,0.11749222241569783,0.014271535647316525
2020-01-02,0.002698875190739173,0.004477161197991763,0.0005281169580906,0.1778239825408208,-0.06593051079597083,-0.18737177745156983,0.003949044239901163,0.121441266655599,0.01425806744899348
2020-01-03,0.001788264451892986,0.006202926856471991,0.0008530390358916,0.17961224699271378,-0.05972758393949884,-0.18651873841567823,0.00534988782058039,0.1267911544761794,0.01343226699747276
2020-01-06,-0.0014846237325373559,0.009660147871146085,0.008604261163525,0.17812762326017642,-0.050067436068352754,-0.17791447725215323,0.0010558867076210857,0.12784704118380047,0.014002991680593583
2020-01-07,-0.0005611540709280007,-0.011398227588281002,-0.0127284533793475,0.17756646918924843,-0.06146566365663376,-0.19064293063150073,0.0013302257910664979,0.12917726697486698,0.014554871433795939
2020-01-08,-0.003350387440597701,0.010360056222485207,0.0115453480801819,0.17421608174865072,-0.05110560743414855,-0.17909758255131883,-0.001185291857696693,0.12799197511717028,0.01457122222543013
2020-01-09,-0.0043652624873040165,-0.004222082272227976,-0.001201646950036,0.1698508192613467,-0.055327689706376526,-0.18029922950135482,-0.0030204353221919755,0.1249715397949783,0.015267697282588097
2020-01-10,-0.007261240677831089,0.004427953096498518,0.009672831734877,0.1625895785835156,-0.05089973660987801,-0.1706263977664778,-0.005244878638378482,0.1197266611565998,0.01452102957134075
2020-01-13,0.0024606260839982884,0.0009132806448139838,-0.0027524131272164,0.1650502046675139,-0.04998645596506403,-0.17337881089369422,0.003665693772030384,0.1233923549286302,0.014715711419738342
2020-01-14,-0.006895462641867933,-0.007240647854112968,-0.0045419134662777,0.15815474202564597,-0.057227103819177,-0.17792072435997192,-0.0026987343878352677,0.12069362054079491,0.014400299333076358
2020-01-15,-0.005662345011828837,-0.006194912712392384,-0.0040321188228656,0.15249239701381714,-0.06342201653156938,-0.18195284318283753,-0.0021627938895267844,0.11853082665126814,0.014779028242517173
2020-01-16,-0.0017751879482404138,-0.003670092384010523,-0.0008735779147625,0.15071720906557673,-0.0670921089155799,-0.18282642109760003,-0.0027965144692480228,0.11573431218202013,0.014509328546163125
2020-01-17,-0.00028253290864176193,0.007472880046461147,0.0088877801631541,0.15043467615693495,-0.05961922886911875,-0.17393864093444594,-0.0014149001166929524,0.1143194120653272,0.014952765176974317
2020-01-20,0.00453015114436086,-0.006040486105731985,-0.0140681450135861,0.15496482730129582,-0.06565971497485074,-0.18800678594803205,0.008027658907854115,0.12234707097318132,0.014867988867715934
2020-01-21,-0.0078875546524144,-0.0037989296957667337,0.0042237011755403,0.14707727264888143,-0.06945864467061746,-0.18378308477249175,-0.008022630871307033,0.11432444010187429,0.01437133651194199
2020-01-22,0.0064292895247231125,-0.024722033009448002,-0.0303530414876742,0.15350656217360453,-0.09418067768006547,-0.21413612626016595,0.005631008478226198,0.11995544858010049,0.014765139410234027
2020-01-23,0.0010784707258870122,-0.07302252257802387,-0.0839558783078966,0.15458503289949155,-0.16720320025808932,-0.29809200456806256,0.010933355729872724,0.13088880430997324,0.014794961460449322
2020-02-03,-0.018071657297962403,-0.010673137322391614,0.0159934800058524,0.13651337560152915,-0.17787633758048094,-0.2820985245622102,-0.026666617328244012,0.10422218698172925,0.014880567030096485
2020-02-04,0.0047325549380744,0.02296434193154277,0.0160983575078041,0.14124593053960355,-0.15491199564893818,-0.2660001670544061,0.006865984423738668,0.11108817140546792,0.016458427442839606
2020-02-05,-0.0004756369264603707,0.020185651819918018,0.0204170640748076,0.14077029361314317,-0.13472634382902016,-0.2455831029795985,-0.00023141225488958195,0.11085675915057835,0.017147801074159637
2020-02-06,0.0003847725038506687,0.007707177324425791,0.0024705892104518,0.14115506611699383,-0.12701916650459436,-0.24311251376914672,0.00523658811397399,0.11609334726455237,0.016940674886791122
2020-02-07,-0.0013235163374116883,0.010631355155856694,0.0069441085832506,0.13983154977958215,-0.11638781134873766,-0.23616840518589613,0.0036872465726060944,0.11978059383715847,0.014736553419887716
2020-02-10,-0.005484135995696709,-0.006450654319474176,0.0028346658585614,0.13434741378388543,-0.12283846566821183,-0.23333373932733473,-0.009285320178035576,0.1104952736591229,0.014674739560676777
2020-02-11,-0.0018637623688332987,0.011284135448681969,0.010742225376879,0.13248365141505214,-0.11155433021952986,-0.22259151395045573,0.0005419100718029694,0.11103718373092587,0.014035047145957059
2020-02-12,-0.002958125590408213,-0.009743683596239254,-0.0076362976080673,0.12952552582464394,-0.12129801381576912,-0.23022781155852304,-0.002107385988171954,0.10892979774275392,0.01392533024080573
2020-02-13,-0.00236497173640785,-0.0004886837875812938,0.0040491099584296,0.1271605540882361,-0.12178669760335041,-0.22617870160009343,-0.004537793746010894,0.10439200399674302,0.014113704452136614
2020-02-14,-0.0004887903381896077,0.025179617632633402,0.0255971865209158,0.1266717637500465,-0.096607079970717,-0.20058151507917762,-0.00041756888828239913,0.10397443510846062,0.01452263901507818
2020-02-17,-0.0002790025957529333,0.01256076131706665,0.0032635524603278,0.12639276115429357,-0.08404631865365035,-0.19731796261884982,0.009297208856738851,0.11327164396519947,0.01485723421320775
2020-02-18,0.0006193168717077714,-0.003676565334579201,-0.0039196365553527,0.12701207802600134,-0.08772288398822956,-0.20123759917420253,0.0002430712207734994,0.11351471518597298,0.014228978529060625
2020-02-19,-0.00016518911517880166,0.014342194767546794,0.0189919389258269,0.12684688891082255,-0.07338068922068276,-0.18224566024837563,-0.004649744158280107,0.10886497102769287,0.014467218029904373
2020-02-20,-0.0016011389364394325,0.007124731966716376,0.0058669525660862,0.12524574997438312,-0.06625595725396638,-0.17637870768228942,0.0012577794006301754,0.11012275042832304,0.01499644170853176
2020-02-21,-0.0017981015571363348,0.008125688537475612,0.0027883306733683,0.12344764841724679,-0.05813026871649077,-0.1735903770089211,0.005337357864107312,0.11546010829243034,0.014726685810301957
2020-02-24,0.00021229928871262574,-0.0005952656292756861,-0.0020408841747316,0.12365994770595941,-0.05872553434576645,-0.17563126118365271,0.001445618545455914,0.11690572683788626,0.014680728253072017
2020-02-25,0.021951843592200135,-0.000864091579391792,-0.0161072019505644,0.14561179129815954,-0.05958962592515824,-0.1917384631342171,0.015243110371172607,0.13214883720905887,0.014964390188314778
2020-02-26,-0.0036110730722447837,0.0006720026077727308,0.0012654558024666,0.14200071822591476,-0.05891762331738551,-0.19047300733175052,-0.0005934531946938693,0.131555384014365,0.01567108442796897
2020-02-27,0.0033426334418273813,-0.0407942365230548,-0.042878230349035,0.14534335166774215,-0.09971185984044031,-0.23335123768078553,0.0020839938259802,0.1336393778403452,0.016076330844271968
2020-02-28,-0.00011312515649813492,0.030165612339882845,0.0326540196864701,0.145230226511244,-0.06954624750055746,-0.20069721799431542,-0.002488407346587257,0.13115097049375796,0.015876974214411924
2020-03-02,-0.0007175025206614089,0.008797109715101952,0.0079341283746392,0.1445127239905826,-0.06074913778545551,-0.19276308961967623,0.0008629813404627523,0.1320139518342207,0.01592738331319157
2020-03-03,0.004516763964277345,0.00921340665668552,0.0046872456591321,0.14902948795485993,-0.05153573112876999,-0.18807584396054414,0.0045261609975534205,0.13654011283177414,0.015681992396889676
2020-03-04,0.00593318489503871,0.01758143815037242,0.0183925052447381,0.15496267284989865,-0.03395429297839757,-0.16968333871580604,-0.0008110670943656806,0.13572904573740846,0.015078241343494985
2020-03-05,0.005738165872259612,0.0017237395763771322,-0.0106966966451653,0.16070083872215826,-0.03223055340202043,-0.18038003536097133,0.012420436221542432,0.1481494819589509,0.015373425877432075
2020-03-06,0.013431989303590526,-0.01944601267626108,-0.0338423358937558,0.17413282802574878,-0.05167656607828151,-0.21422237125472712,0.01439632321749472,0.16254580517644562,0.01546986257349403
2020-03-09,-0.005108114410224897,0.013162780849117461,0.0197244308219401,0.16902471361552387,-0.03851378522916405,-0.194497940432787,-0.006561649972822639,0.15598415520362297,0.015850634894017165
2020-03-10,0.006798372115321207,-0.0036243601527690557,-0.0121267082218645,0.17582308573084507,-0.042138145381933105,-0.20662464865465152,0.008502348069095444,0.1644865032727184,0.016615651778406345
2020-03-11,0.004896137830716583,-0.013443215956253906,-0.0183227391261787,0.18071922356156164,-0.05558136133818701,-0.22494738778083023,0.004879523169924795,0.16936602644264323,0.016261719192838753
2020-03-12,0.0020386319833923076,-0.008280382386442083,-0.0124470998769432,0.18275785554495394,-0.06386174372462909,-0.23739448765777343,0.0041667174905011175,0.17353274393314433,0.016346513162265718
2020-03-13,0.01600569843634285,-0.02299954667590195,-0.0402289446853721,0.1987635539812968,-0.08686129040053105,-0.2776234323431455,0.01722939800947015,0.19076214194261448,0.01591431733865468
2020-03-16,-0.0032565352896980573,-0.0044534094771218535,-0.0039700251080639,0.19550701869159876,-0.0913146998776529,-0.2815934574512094,-0.00048338436905795337,0.1902787575735565,0.016460793641664615
2020-03-17,-0.005353959926879445,-0.01489951021955977,-0.0177431000208123,0.1901530587647193,-0.10621421009721266,-0.2993365574720217,0.002843589801252532,0.19312234737480904,0.015933901574588002
2020-03-18,-0.0008046758176614238,0.0034775036885980734,-0.0066889039237193,0.18934838294705789,-0.10273670640861458,-0.306025461395741,0.010166407612317373,0.2032887549871264,0.015695401170804507
2020-03-19,0.0008627284759953489,0.011426873204516186,0.014853480264456,0.19021111142305325,-0.0913098332040984,-0.291171981131285,-0.0034266070599398134,0.1998621479271866,0.01500936506467593
2020-03-20,0.010807508058278736,-0.02519192805025909,-0.0361721857778314,0.20101861948133198,-0.11650176125435749,-0.3273441669091164,0.010980257727572308,0.2108424056547589,0.014681297787318345
2020-03-23,-0.0012200519256738936,0.014182813747997427,0.0228684121432588,0.19979856755565809,-0.10231894750636006,-0.3044757547658576,-0.008685598395261371,0.20215680725949753,0.014770047626949296
2020-03-24,-0.0046664836867594175,0.016577661288543048,0.0237322544956723,0.19513208386889866,-0.08574128621781701,-0.2807435002701853,-0.007154593207129252,0.19500221405236828,0.015455122304384583
2020-03-25,-0.002444595776170235,-0.008758092838226221,-0.0067522252258938,0.19268748809272843,-0.09449937905604323,-0.2874957254960791,-0.0020058676123324215,0.19299634644003588,0.015105613083928658
2020-03-26,0.00014004600381214015,-0.0028913436671125815,1.0218537799160396e-07,0.19282753409654058,-0.09739072272315581,-0.2874956233107011,-0.0028914458524905732,0.1901049005875453,0.014420366296118226
2020-03-27,0.0034236559758489154,-0.015284908695427153,-0.0133877613633994,0.1962511900723895,-0.11267563141858297,-0.30088338467410053,-0.0018971473320277526,0.18820775325551756,0.014060371136658614
2020-03-30,-0.004789063107529122,-0.001247134173931991,0.0013719347824401,0.19146212696486037,-0.11392276559251496,-0.29951144989166045,-0.002619068956372091,0.1855886842991455,0.014699580163130022
2020-03-31,-0.002117293774175058,-0.005378415823276211,-0.0047342997377456,0.18934483319068532,-0.11930118141579117,-0.30424574962940604,-0.0006441160855306114,0.18494456821361488,0.015177083565379723
2020-04-01,-0.0058416839151419,0.012749404064688432,0.0181788253505769,0.18350314927554343,-0.10655177735110274,-0.2860669242788291,-0.005429421285888468,0.17951514692772638,0.015193161320030079
2020-04-02,5.3052157518119255e-05,-0.003261594894959974,-0.0057986250850124,0.18355620143306153,-0.10981337224606272,-0.2918655493638415,0.002537030190052426,0.1820521771177788,0.014537513887694684
2020-04-03,-0.0012667814403207636,0.022966752999859678,0.023881049438286,0.18228941999274076,-0.08684661924620304,-0.2679844999255555,-0.0009142964384263215,0.18113788067935246,0.01388476807487217
2020-04-07,0.006788125716064579,0.006245092705079296,-0.0024812230972173,0.18907754570880533,-0.08060152654112375,-0.27046572302277283,0.008726315802296596,0.1898641964816491,0.013854877897324933
2020-04-08,-0.001302630496372564,0.006097606410921552,0.0052466878705998,0.18777491521243278,-0.0745039201302022,-0.26521903515217304,0.0008509185403217526,0.19071511502197086,0.014040700985495038
2020-04-09,0.0018858610085876737,-0.017014930817439197,-0.0134743440265424,0.18966077622102046,-0.0915188509476414,-0.27869337917871545,-0.003540586790896798,0.18717452823107406,0.014878384284764044
2020-04-10,0.0008213760286591454,-0.005682905450831353,-0.0061779523012691,0.1904821522496796,-0.09720175639847276,-0.28487133147998456,0.000495046850437747,0.1876695750815118,0.015063917389613825
2020-04-13,-0.006567901289624388,0.011077932579533956,0.0177158399200975,0.1839142509600552,-0.0861238238189388,-0.26715549155988705,-0.006637907340563543,0.18103166774094825,0.015463604170289962
2020-04-14,-0.002845205079867361,-0.006507835173898536,-0.005543502951199,0.18106904588018785,-0.09263165899283733,-0.27269899451108603,-0.0009643322226995359,0.18006733551824872,0.01523570765059492
2020-04-15,-0.003411014890643133,0.0016001603574859957,0.0034079593155521,0.17765803098954472,-0.09103149863535133,-0.26929103519553393,-0.0018077989580661043,0.17825953656018262,0.014385836522908244
2020-04-16,-0.007810551485701542,-0.004129961275201992,0.0053984703634555,0.16984747950384319,-0.09516145991055332,-0.26389256483207846,-0.009528431638657492,0.16873110492152515,0.014418113394762212
2020-04-17,-0.00695353536125363,0.004760590997038145,0.0064635519200679,0.16289394414258956,-0.09040086891351518,-0.25742901291201054,-0.001702960923029755,0.16702814399849536,0.014031222801557925
2020-04-20,0.0012314505345520131,-0.003805369493742884,-0.0090994553758659,0.16412539467714157,-0.09420623840725806,-0.26652846828787646,0.005294085882123016,0.1723222298806184,0.013783708583153448
2020-04-21,0.001429860397398315,0.0074264388732085095,0.0070704598178536,0.1655552550745399,-0.08677979953404955,-0.25945800847002287,0.0003559790553549092,0.17267820893597333,0.013767489699123718
2020-04-22,0.0024117606775325325,-0.0018512522638239623,-0.0034633701977576,0.16796701575207243,-0.0886310517978735,-0.2629213786677805,0.0016121179339336378,0.17429032686990698,0.013974944291692278
2020-04-23,-0.0008431389735278811,-0.014952167018732995,-0.0122148355639546,0.16712387677854454,-0.1035832188166065,-0.27513621423173507,-0.0027373314547783946,0.17155299541512858,0.014256558861688388
2020-04-24,-0.004300138782670066,-0.0072777859305466356,0.0015690421279923,0.16282373799587446,-0.11086100474715313,-0.27356717210374276,-0.008846828058538935,0.16270616735658963,0.01545019285620916
2020-04-27,-0.015947507903374174,-0.022251353596032936,-0.0021140433970566,0.14687623009250028,-0.13311235834318608,-0.2756812155007994,-0.020137310198976337,0.1425688571576133,0.015524172818821024
2020-04-28,-0.001514031255958879,-0.0021761471658239863,0.002491824796535,0.1453621988365414,-0.13528850550901006,-0.2731893907042644,-0.004667971962358986,0.13790088519525434,0.01527344806855726
2020-04-29,-0.0027613008814695236,0.012569894499740893,0.0135705587200531,0.14260089795507186,-0.12271861100926917,-0.2596188319842113,-0.0010006642203122078,0.13690022097494214,0.01595498298030509
2020-04-30,-0.0045338956004641025,0.009427021711826192,0.0085589324224699,0.13806700235460775,-0.11329158929744299,-0.2510598995617414,0.0008680892893562931,0.13776831026429842,0.01600070456067864
2020-05-06,-0.004179958556240027,-0.004142092574115005,-0.0024282335307417,0.13388704379836772,-0.11743368187155799,-0.2534881330924831,-0.0017138590433733048,0.13605445122092508,0.015645489034651315
2020-05-07,-0.003192443146928615,0.00602495370219666,0.0096067759488172,0.1306946006514391,-0.11140872816936133,-0.24388135714366588,-0.00358182224662054,0.13247262897430456,0.013497652079083497
2020-05-08,-0.0011222926042344745,-0.0015406040301391482,-0.0008699509326946,0.12957230804720463,-0.11294933219950047,-0.24475130807636047,-0.0006706530974445482,0.13180197587686,0.01398801403774728
2020-05-11,-0.007036882323695915,-0.0042982048514528005,-4.566821453865287e-05,0.12253542572350871,-0.11724753705095327,-0.24479697629089914,-0.004252536636914148,0.12754943923994588,0.013666008372528014
2020-05-12,-0.0048533686342554574,0.001977189746525663,0.003258976791462,0.11768205708925325,-0.1152703473044276,-0.24153799949943713,-0.0012817870449363367,0.12626765219500952,0.013623232448835633
2020-05-13,-6.414827748309525e-05,-0.006886377626318807,-0.0100008595924806,0.11761790881177016,-0.1221567249307464,-0.25153885909191775,0.0031144819661617935,0.12938213416117134,0.013483010030459227
2020-05-14,-0.0011071897395396103,0.0006762513587074602,8.691489085119892e-05,0.11651071907223055,-0.12148047357203895,-0.25145194420106654,0.0005893364678562613,0.12997147062902759,0.013942084877288008
2020-05-15,3.889299608026691e-05,-0.0021093225553028816,-0.0005423291250112,0.11654961206831083,-0.12358979612734183,-0.2519942733260777,-0.0015669934302916817,0.12840447719873588,0.01455248092907433
2020-05-18,-0.0067576909924297055,0.004479978735567731,0.0094467684863002,0.10979192107588112,-0.1191098173917741,-0.24254750483977752,-0.0049667897507324685,0.12343768744800342,0.01428482657374154
2020-05-19,0.003423800333772641,-0.00531132845564279,-0.0068560211777389,0.11321572140965376,-0.1244211458474169,-0.24940352601751642,0.0015446927220961106,0.12498238017009952,0.014258327728271628
2020-05-20,0.006549389804771629,-0.00422200479178839,-0.0071875798934186,0.11976511121442539,-0.12864315063920528,-0.25659110591093504,0.00296557510163021,0.12794795527172975,0.014255702652915711
2020-05-21,0.006055937373027321,-0.009883810831869202,-0.0201658582114483,0.12582104858745272,-0.1385269614710745,-0.2767569641223833,0.0102820473795791,0.13823000265130883,0.014502175317381205
2020-05-22,0.0008710780841565868,0.00028958898099973454,0.0001333874940177,0.1266921266716093,-0.13823737249007476,-0.2766235766283656,0.00015620148698203455,0.13838620413829086,0.014638733849756003
2020-05-25,-0.006938467075410904,0.011691215107212471,0.0139627606488795,0.11975365959619841,-0.1265461573828623,-0.2626608159794861,-0.0022715455416670288,0.1361146585966238,0.014917575678206391
2020-05-26,0.005385611890064876,0.0003734893356241787,-0.0055514475072795,0.12513927148626328,-0.12617266804723812,-0.2682122634867656,0.005924936842903679,0.14203959543952746,0.015387975730924711
2020-05-27,0.0015305385473275922,-0.0014434240820418753,0.0009344688187977,0.12666981003359087,-0.12761609212928,-0.26727779466796786,-0.002377892900839575,0.13966170253868787,0.015092143973998119
2020-05-28,-0.003475152891213868,0.004477983148545001,0.0037428728461228,0.12319465714237701,-0.12313810898073499,-0.26353492182184507,0.0007351103024222008,0.14039681284111008,0.015481117912070803
2020-05-29,-0.006285513703216659,0.017487970258189482,0.0249387751073335,0.11690914343916035,-0.1056501387225455,-0.23859614671451157,-0.007450804849144017,0.13294600799196607,0.015694641092849296
2020-06-01,0.009373852009193303,0.006837052519861209,0.0015383290245091,0.12628299544835367,-0.0988130862026843,-0.23705781769000248,0.005298723495352109,0.1382447314873182,0.015564938440555025
2020-06-02,-6.400049271328011e-05,0.0008668599213626341,0.0004080395253509,0.1262189949556404,-0.09794622628132166,-0.23664977816465158,0.00045882039601173407,0.13870355188332992,0.01399495527864124
2020-06-03,0.0036724549033513823,0.004760814026250053,-0.0024726078448142,0.1298914498589918,-0.0931854122550716,-0.23912238600946578,0.007233421871064252,0.14593697375439418,0.014603226891953518
2020-06-04,-0.001863160838048941,-0.0008684645426048116,0.0028816830760984,0.12802828902094285,-0.0940538767976764,-0.23624070293336738,-0.0037501476187032116,0.14218682613569097,0.014751175494094828
2020-06-05,0.00027936602616312345,-0.0017322731034481115,0.0013330024270189,0.12830765504710598,-0.09578614990112452,-0.2349077005063485,-0.0030652755304670116,0.13912155060522396,0.01517248849418678
2020-06-08,-0.0017423396127691931,0.002743973577806871,0.0044838593004826,0.12656531543433677,-0.09304217632331765,-0.2304238412058659,-0.0017398857226757292,0.13738166488254824,0.01566205389087927
2020-06-09,-0.006672211916038184,-0.00484364675383869,-0.0010254715430503,0.11989310351829859,-0.09788582307715635,-0.2314493127489162,-0.0038181752107883903,0.13356348967175985,0.015426209444401292
2020-06-10,-0.0021638712134717775,-0.004382820549436028,-0.0073178375061998,0.1177292323048268,-0.10226864362659238,-0.238767150255116,0.002935016956763772,0.1364985066285236,0.015698027568885338
2020-06-11,-0.0026467551486951475,-0.0007995636538939877,0.0003715317452956,0.11508247715613165,-0.10306820728048637,-0.23839561850982038,-0.0011710953991895877,0.135327411229334,0.015585661445777553
2020-06-12,0.0084028524824928,0.005638144425744273,-0.0071603239099464,0.12348532963862445,-0.0974300628547421,-0.24555594241976678,0.012798468335690674,0.14812587956502468,0.015364090396506574
2020-06-15,-0.008272896326270061,0.008673993528731695,0.0151095376815319,0.1152124333123544,-0.0887560693260104,-0.23044640473823488,-0.006435544152800204,0.14169033541222448,0.01500493196853327
2020-06-16,0.002591142026036823,0.003978043079077974,0.0003703599592386,0.11780357533839123,-0.08477802624693243,-0.2300760447789963,0.003607683119839374,0.14529801853206387,0.014843065684807194
2020-06-17,0.0008941043300626751,-0.0006434053627296724,0.0017561534153602,0.1186976796684539,-0.08542143160966209,-0.2283198913636361,-0.0023995587780898725,0.142898459753974,0.014531942835564497
2020-06-18,-0.005937594311880447,0.0008394336867176611,0.0102265402392913,0.11276008535657346,-0.08458199792294444,-0.2180933511243448,-0.009387106552573639,0.13351135320140037,0.015279407158237399
2020-06-19,-0.0032983373114202764,-0.0014315839668043097,0.0004032426524724,0.10946174804515318,-0.08601358188974874,-0.2176901084718724,-0.0018348266192767097,0.13167652658212364,0.014592428251013978
2020-06-22,-0.008408113066497046,-0.0042401241490823745,0.0026409936405696,0.10105363497865613,-0.09025370603883111,-0.2150491148313028,-0.006881117789651975,0.12479540879247168,0.014814265303979194
2020-06-23,-0.0030890902998944743,-0.0037789632844700168,0.0027269231976254,0.09796454467876166,-0.09403266932330112,-0.21232219163367738,-0.006505886482095416,0.11828952231037626,0.014704332090392083
2020-06-24,-0.002883168501062781,-0.00529641904312794,-0.005750050956975,0.09508137617769888,-0.09932908836642906,-0.2180722425906524,0.00045363191384706,0.11874315422422332,0.014255041763232522
2020-06-29,-0.007544158665459952,0.007387105855940424,0.0132322477846155,0.08753721751223893,-0.09194198251048864,-0.20483999480603687,-0.005845141928675076,0.11289801229554823,0.013912710202107688
2020-06-30,0.0012442378736064225,0.0037786468061972163,0.0113858981107979,0.08878145538584535,-0.08816333570429143,-0.19345409669523897,-0.007607251304600684,0.10529076099094754,0.014116880908931302
2020-07-01,0.00702410306817546,0.013006101752990409,0.0179153673968349,0.0958055584540208,-0.07515723395130101,-0.17553872929840408,-0.004909265643844491,0.10038149534710307,0.014334894464689154
2020-07-02,0.006459114681752679,0.011662432907784126,0.017579822388895,0.10226467313577349,-0.06349480104351689,-0.1579589069095091,-0.005917389481110875,0.0944641058659922,0.014106192454164803
2020-07-03,0.007209887164913851,0.03135593032690901,0.0502556514778384,0.10947456030068733,-0.03213887071660788,-0.1077032554316707,-0.01889972115092939,0.07556438471506283,0.014316322289387314
2020-07-06,-0.013616983393649423,0.0007288879045461265,0.0075100856875547,0.09585757690703792,-0.031409982812061754,-0.10019316974411599,-0.006781197783008574,0.06878318693205424,0.014279400497096001
2020-07-07,0.002703145086554296,0.015956251676245328,0.016917734833174,0.09856072199359221,-0.015453731135816426,-0.083275434910942,-0.0009614831569286705,0.06782170377512557,0.014770203470895719
2020-07-08,-0.004888073096293885,0.0167284614123953,0.0165436605978606,0.09367264889729833,0.0012747302765788726,-0.0667317743130814,0.00018480081453469896,0.06800650458966027,0.014152759608382963
2020-07-09,-0.012887572260338329,-0.011213089913387339,-0.0141846510012592,0.08078507663696,-0.009938359636808466,-0.0809164253143406,0.002971561087871862,0.07097806567753213,0.015054296433260448
2020-07-10,0.00018660871113875625,0.024707683146996506,0.0231003569870455,0.08097168534809875,0.01476932351018804,-0.05781606832729509,0.0016073261599510065,0.07258539183748314,0.014481520675566618
2020-07-13,0.007541688598996584,-0.0007074627985628567,-0.0094116339466495,0.08851337394709533,0.014061860711625183,-0.06722770227394459,0.008704171148086642,0.08128956298556977,0.014858847244376121
2020-07-14,-0.002911508443243169,-0.01959927593272592,-0.0176028663557813,0.08560186550385215,-0.005537415221100737,-0.08483056862972589,-0.0019964095769446216,0.07929315340862515,0.014537358354582954
2020-07-15,0.015265449527606095,-0.02841116121120455,-0.0473889669179266,0.10086731503145825,-0.03394857643230529,-0.13221953554765248,0.01897780570672205,0.0982709591153472,0.014599728777960981
2020-07-16,-0.005766028519866404,-0.0012186459143838186,0.0033779953353041,0.09510128651159185,-0.035167222346689106,-0.12884154021234837,-0.004596641249687918,0.09367431786565926,0.014782359517764125
2020-07-17,0.008043434987498725,0.029434127774108396,0.0292532067238604,0.10314472149909057,-0.00573309457258071,-0.09958833348848797,0.0001809210502479973,0.09385523891590726,0.014966604916772739
2020-07-20,-0.0056555291291877155,0.0016794621808559939,0.002877312558369,0.09748919236990286,-0.004053632391724716,-0.09671102093011898,-0.001197850377513006,0.09265738853839427,0.014420537301216244
2020-07-21,-0.0073815526820522155,0.00047003100498158566,0.0051504130718668,0.09010763968785064,-0.00358360138674313,-0.09156060785825218,-0.004680382066885215,0.08797700647150905,0.014249851900772626
2020-07-22,-0.0020551089226261937,-0.002438836865725548,-0.0021116783546214,0.08805253076522444,-0.006022438252468678,-0.09367228621287357,-0.00032715851110414786,0.0876498479604049,0.014257563350211304
2020-07-23,0.017860631633706554,-0.024397198566284042,-0.0436565550814571,0.105913162398931,-0.03041963681875272,-0.13732884129433068,0.019259356515173055,0.10690920447557796,0.014666521236156279
2020-07-24,0.003368617457861494,0.0023902201259348157,0.0019737060522999,0.1092817798567925,-0.0280294166928179,-0.13535513524203077,0.00041651407363491565,0.10732571854921287,0.014628377472312154
2020-07-27,-0.003946708703292207,0.006774209682175046,0.0090677846915971,0.10533507115350028,-0.021255207010642856,-0.12628735055043366,-0.0022935750094220534,0.1050321435397908,0.014484944778791906
2020-07-28,-0.008496316405327926,0.014761805190432365,0.0229610346545453,0.09683875474817236,-0.006493401820210491,-0.10332631589588837,-0.008199229464112936,0.09683291407567787,0.014989447704795104
2020-07-29,0.0044301429755235966,0.0015923536621126196,-0.0039757990384659,0.10126889772369595,-0.0049010481580978715,-0.10730211493435426,0.0055681527005785195,0.10240106677625639,0.01452248398184788
2020-07-30,-0.001206650907570499,0.009087453415546249,0.0086299385402328,0.10006224681612545,0.0041864052574483775,-0.09867217639412146,0.00045751487531344934,0.10285858165156983,0.013670306748593134
2020-07-31,0.0001607821695072295,0.021117009518048943,0.0191081873751593,0.10022302898563268,0.025303414775497322,-0.07956398901896215,0.0020088221428896415,0.10486740379445947,0.014243211714119556
2020-08-03,-0.00011488236429685156,-0.004015276383772476,-0.0006993424349202,0.10010814662133583,0.021288138391724845,-0.08026333145388236,-0.0033159339488522763,0.1015514698456072,0.014643033696497103
2020-08-04,-0.0037446943219121595,0.00619088527434124,0.0030941549579067,0.09636345229942367,0.027479023666066086,-0.07716917649597566,0.00309673031643454,0.10464820016204174,0.014983286095226115
2020-08-05,0.0012382348123769731,-0.0008634223699933469,-0.0011282237137211,0.09760168711180064,0.02661560129607274,-0.07829740020969675,0.00026480134372775313,0.10491300150576949,0.014596088045786219
2020-08-06,0.001262794700238344,-0.008780628453328573,-0.0114527499179291,0.09886448181203898,0.017834972842744164,-0.08975015012762586,0.0026721214646005277,0.10758512297037001,0.014759658232571065
2020-08-07,0.00799418496057762,0.010753384825910033,0.0052981552650361,0.1068586667726166,0.028588357668654196,-0.08445199486258975,0.005455229560873932,0.11304035253124395,0.014895515977979812
2020-08-10,-0.0005244453413674341,-0.015108353097455141,-0.0128639834469926,0.10633422143124917,0.013480004571199055,-0.09731597830958236,-0.002244369650462541,0.11079598288078141,0.01483975195890158
2020-08-11,0.015319765547194854,0.001706876469228971,-0.0084572104848865,0.12165398697844403,0.015186881040428027,-0.10577318879446886,0.010164086954115472,0.12096006983489688,0.014771009950524
2020-08-12,0.006843609443206108,0.0075731818480094725,-3.1433639010188624e-05,0.12849759642165012,0.022760062888437498,-0.10580462243347905,0.007604615487019661,0.12856468532191653,0.01500987086237709
2020-08-13,-0.0068968905079349,0.0026203519435784024,0.0121758014974647,0.12160070591371522,0.0253804148320159,-0.09362882093601435,-0.009555449553886297,0.11900923576803026,0.015528168300816766
2020-08-14,-0.003646759647236093,0.011758701067718114,0.0217238937517613,0.11795394626647912,0.03713911589973402,-0.07190492718425305,-0.009965192684043186,0.10904404308398707,0.015087177005719266
2020-08-17,-0.003040517668892025,0.005109014199393638,0.0031877246635001,0.11491342859758709,0.04224813009912765,-0.06871720252075295,0.001921289535893538,0.11096533261988059,0.014241378685042539
2020-08-18,0.007804768959390895,-0.0071353622292912285,-0.0156012564927147,0.12271819755697798,0.03511276786983642,-0.08431845901346764,0.008465894263423472,0.11943122688330407,0.014261361737372516
2020-08-19,0.0034412425520962556,-0.0074957459604176125,-0.0132436393622217,0.12615944010907423,0.02761702190941881,-0.09756209837568934,0.005747893401804088,0.12517912028510814,0.014343772601090144
2020-08-20,-0.004006662774759444,0.0036675933126955546,0.0072124342468663,0.12215277733431479,0.03128461522211436,-0.09034966412882305,-0.0035448409341707456,0.1216342793509374,0.015125716082079728
2020-08-21,-0.00605083542067295,0.0021221011442474785,0.005522243533459,0.11610194191364184,0.03340671636636184,-0.08482742059536405,-0.003400142389211521,0.11823413696172588,0.014888323587462907
2020-08-24,0.0003849916475537448,-0.0011579888506707834,-0.0022147774467674,0.11648693356119559,0.03224872751569106,-0.08704219804213145,0.0010567885960966164,0.1192909255578225,0.014684174651322953
2020-08-25,0.005436035582903998,-0.012516193921519222,-0.0150693666373763,0.12192296914409959,0.019732533594171833,-0.10211156467950776,0.002553172715857078,0.12184409827367959,0.014161413712880688
2020-08-26,0.0022200393880210095,0.010835667378718527,0.007046657279124,0.1241430085321206,0.030568200972890362,-0.09506490740038376,0.003789010099594527,0.12563310837327413,0.014704774986786929
2020-08-27,-0.008994037809951309,0.003637453393930204,0.0172594718156923,0.11514897072216929,0.03420565436682057,-0.07780543558469145,-0.013622018421762097,0.11201108995151202,0.014724701179745852
2020-08-28,-9.491600647303021e-05,4.243397113064501e-05,-0.0039519696476917,0.11505405471569626,0.03424808833795121,-0.08175740523238316,0.0039944036188223455,0.11600549357033438,0.015318378204574143
2020-08-31,0.001043911847777704,0.004776736817155264,0.0049049425418822,0.11609796656347396,0.039024825155106475,-0.07685246269050096,-0.0001282057247269366,0.11587728784560744,0.014699910077704232
2020-09-01,0.004972590007443645,0.006950510119490466,0.0001991889314246,0.1210705565709176,0.04597533527459694,-0.07665327375907637,0.006751321188065866,0.12262860903367331,0.014564301319808586
2020-09-02,0.002769928914381045,-0.005365284758681788,-0.007166976876215,0.12384048548529865,0.04061005051591515,-0.08382025063529136,0.001801692117533212,0.12443030115120651,0.014718949467082453
2020-09-03,0.007923924004702373,0.0035662647797799424,-0.0075746657857056,0.131764409490001,0.044176315295695094,-0.09139491642099697,0.011140930565485542,0.13557123171669205,0.015112545822600965
2020-09-04,0.016929788066041875,-0.001657551684782463,-0.0197086205969941,0.14869419755604288,0.042518763610912634,-0.11110353701799107,0.018051068912211636,0.1536223006289037,0.015463615683702324
2020-09-07,0.019370483608805424,0.01758852853165072,0.0064997166796187,0.1680646811648483,0.06010729214256336,-0.10460382033837237,0.011088811852032018,0.16471111248093573,0.0157120714043201
2020-09-08,0.018507008796837737,-0.010759497592480745,-0.0234231272227519,0.18657168996168602,0.04934779455008261,-0.12802694756112426,0.012663629630271154,0.17737474211120688,0.015752275858124287
2020-09-09,-0.019432072888671482,-0.03618338817104413,-0.0117809931709669,0.16713961707301453,0.013164406379038485,-0.13980794073209116,-0.024402395000077227,0.15297234711112964,0.016430450945955383
2020-09-10,-0.007500752821007157,0.006657170736534283,0.0101610410433864,0.15963886425200738,0.019821577115572767,-0.12964689968870477,-0.0035038703068521167,0.14946847680427755,0.016901843171381718
2020-09-11,6.879732511608032e-05,0.0090272197072774,0.0068022103793141,0.15970766157712346,0.028848796822850166,-0.12284468930939067,0.0022250093279632998,0.15169348613224085,0.01626294329045281
2020-09-14,-0.010058498094045161,-0.00283306495348379,0.0056164670637524,0.1496491634830783,0.026015731869366378,-0.11722822224563827,-0.00844953201723619,0.14324395411500465,0.015252635433232947
2020-09-15,0.00249083644122521,-0.004115160480041413,-0.0057131797344979,0.15213999992430352,0.021900571389324965,-0.12294140198013617,0.0015980192544564863,0.14484197336946114,0.014707697704575971
2020-09-16,-0.00391301231472354,-0.0008440636870286461,-0.0024650595650308,0.14822698760957997,0.02105650770229632,-0.12540646154516696,0.0016209958780021537,0.14646296924746327,0.01471710753037803
2020-09-17,-0.0025680250588352854,0.009176509724407526,0.0186661803200471,0.14565896255074468,0.030233017426703847,-0.10674028122511986,-0.009489670595639575,0.1369732986518237,0.015267349763562093
2020-09-18,0.0028687956815634137,-0.0006213593286866652,-0.0067429601299436,0.1485277582323081,0.02961165809801718,-0.11348324135506346,0.006121600801256935,0.14309489945308065,0.01425336795682931
2020-09-21,-0.00039341258134639035,-0.011596289190787314,-0.011983201070702,0.1481343456509617,0.018015368907229865,-0.12546644242576546,0.00038691187991468645,0.1434818113329953,0.014160252054761652
2020-09-22,-0.004662289979762256,0.0022155494702720394,0.0031218884460843,0.14347205567119944,0.020230918377501905,-0.12234455397968116,-0.0009063389758122604,0.14257547235718307,0.013996640838007264
2020-09-23,-0.0004127514269348398,-0.020904835983379194,-0.0201589407369702,0.1430593042442646,-0.0006739176058772889,-0.14250349471665136,-0.0007458952464089938,0.14182957711077407,0.01429667095486618
2020-09-24,-0.0010831545717007774,-0.004648979116124699,-0.0011728403602328,0.14197614967256383,-0.005322896722001988,-0.14367633507688415,-0.0034761387558918996,0.13835343835488217,0.014206232676497092
2020-09-25,0.00046377933196797686,-0.010053441676589565,-0.0026651966944138,0.1424399290045318,-0.015376338398591554,-0.14634153177129797,-0.007388244982175766,0.1309651933727064,0.014397868237614622
2020-09-28,-0.0027459079935736636,0.004021619967158738,0.0043687853054387,0.13969402101095815,-0.011354718431432816,-0.14197274646585928,-0.0003471653382799622,0.13061802803442646,0.014610511724940045
2020-09-29,-0.0024902992946768693,-0.0029331057559338672,-0.0011066391024152,0.13720372171628128,-0.014287824187366684,-0.1430793855682745,-0.0018264666535186672,0.1287915613809078,0.014877981580784653
2020-09-30,-0.0027005289119417008,0.020118543696284217,0.0208388676993881,0.1345031928043396,0.005830719508917533,-0.12224051786888639,-0.0007203240031038831,0.12807123737780393,0.013898134678223312
2020-10-09,-0.0035918412527437293,0.019932739323370318,0.0281861076235846,0.13091135155159586,0.025763458832287853,-0.09405441024530178,-0.008253368300214281,0.11981786907758964,0.0142902441575017
2020-10-12,-0.008406735411849574,-0.0018811263584878836,0.0022814373391173,0.12250461613974628,0.02388233247379997,-0.09177297290618448,-0.004162563697605184,0.11565530537998445,0.014048877839189665
2020-10-13,-0.0029425266262460216,-0.006485514761302094,-0.0062692312202641,0.11956208951350025,0.017396817712497875,-0.09804220412644858,-0.0002162835410379942,0.11543902183894646,0.01426369068273497
2020-10-14,0.0024132998012735833,-0.004245556781993705,-0.0035614389754624,0.12197538931477384,0.01315126093050417,-0.10160364310191099,-0.000684117806531305,0.11475490403241516,0.014863617213125369
2020-10-15,0.003558225578882739,0.0016547452686216132,-0.0002684631751511,0.12553361489365658,0.014806006199125784,-0.10187210627706209,0.0019232084437727133,0.11667811247618787,0.015119690855525435
2020-10-16,0.005274610058112431,-0.0023676769565813753,-0.00628141890664,0.13080822495176903,0.012438329242544408,-0.10815352518370208,0.003913741950058624,0.1205918544262465,0.015156557478727522
2020-10-19,-0.004266362734231389,0.004805341852649712,0.0066450954965493,0.12654186221753763,0.01724367109519412,-0.10150842968715278,-0.0018397536438995877,0.1187521007823469,0.015286218761889361
2020-10-20,0.002544879784702946,-0.00806967687147514,-0.0040546104541061,0.12908674200224057,0.009173994223718979,-0.10556304014125888,-0.00401506641736904,0.11473703436497786,0.015198256941548197
2020-10-21,0.0031641738436984923,-0.0021329874211339877,-0.0044491828007925,0.13225091584593907,0.0070410068025849905,-0.11001222294205137,0.0023161953796585126,0.11705322974463636,0.014937771555465593
2020-10-22,0.00943996639828627,-0.006777946474849878,-0.0131107058420918,0.14169088224422532,0.00026306032773511234,-0.12312292878414317,0.006332759367241921,0.12338598911187829,0.014702243699538382
2020-10-23,-0.006183266721120378,-0.0024041941497472603,-0.0035309420049798,0.13550761552310495,-0.002141133822012148,-0.12665387078912296,0.0011267478552325397,0.12451273696711082,0.014661234567942043
2020-10-26,-0.006760527330069166,-0.002679663385099025,0.0021035576020925,0.1287470881930358,-0.004820797207111173,-0.12455031318703047,-0.004783220987191524,0.1197295159799193,0.014961494812736807
2020-10-27,-0.0045861217802871,-0.0010734537982668472,0.0042141186360345,0.1241609664127487,-0.00589425100537802,-0.12033619455099596,-0.0052875724343013466,0.11444194354561794,0.014300563088170648
2020-10-28,-0.0031552817541241193,-0.0023202296269248463,0.0023313287418328,0.12100568465862457,-0.008214480632302866,-0.11800486580916317,-0.004651558368757646,0.1097903851768603,0.014057747973711723
2020-10-29,0.00021354262181831558,-0.020697721615457288,-0.018126305575646,0.12121922728044289,-0.028912202247760154,-0.13613117138480918,-0.0025714160398112897,0.10721896913704902,0.013430018904662755
2020-10-30,-0.009535586352662297,-0.0031619698453327883,0.0038611785125495,0.11168364092778059,-0.03207417209309294,-0.13226999287225968,-0.007023148357882288,0.10019582077916675,0.01314033913229435
2020-11-02,0.0046043698194839795,0.01657300212811165,0.0132941555613882,0.11628801074726457,-0.015501169964981291,-0.11897583731087148,0.0032788465667234496,0.1034746673458902,0.014254699043123735
2020-11-03,-0.0032562181317896182,-0.0032885790775414787,0.0023342427291659,0.11303179261547495,-0.01878974904252277,-0.11664159458170559,-0.005622821806707378,0.09785184553918282,0.0147274845498508
2020-11-04,-0.0014099495207896572,0.01280878618273507,0.0140304499797451,0.1116218430946853,-0.005980962859787702,-0.10261114460196048,-0.0012216637970100305,0.09663018174217278,0.014512624448092686
2020-11-05,0.008254061201692892,-0.0031776723579569903,-0.0045321189521804,0.11987590429637819,-0.009158635217744692,-0.10714326355414089,0.00135444659422341,0.09798462833639619,0.014443806094542926
2020-11-06,-0.0028084974703886027,0.014299596747239686,0.0186682803686284,0.1170674068259896,0.005140961529494994,-0.08847498318551249,-0.004368683621388715,0.09361594471500748,0.014531681241471986
2020-11-09,0.0016354049178996669,-0.006104725279874156,-0.0064362443573658,0.11870281174388926,-0.0009637637503791619,-0.09491122754287828,0.0003315190774916439,0.09394746379249912,0.014797937984629866
2020-11-10,0.01231047100675068,-0.002959999945448527,-0.0101989063988703,0.13101328275063995,-0.003923763695827689,-0.10511013394174859,0.007238906453421774,0.1011863702459209,0.01476497534809734
2020-11-11,0.0003368529778046345,0.0024286160419558092,0.00011176838547,0.1313501357284446,-0.0014951476538718799,-0.10499836555627859,0.002316847656485809,0.10350321790240671,0.014363144483778121
2020-11-12,0.000562851531935678,-0.00010105973669361008,-0.0072453568614578,0.13191298726038025,-0.00159620739056549,-0.11224372241773639,0.007144297124764189,0.1106475150271709,0.014186917255317268
2020-11-13,0.010039145077577557,0.013343200230510908,0.0095061526691529,0.1419521323379578,0.011746992839945418,-0.10273756974858349,0.0038370475613580084,0.1144845625885289,0.015128584898948291
2020-11-16,0.008898673748530317,-0.001304441693230683,-0.0044151776692415,0.15085080608648813,0.010442551146714735,-0.10715274741782499,0.003110735976010817,0.11759529856453972,0.014774070739114084
2020-11-17,0.005222441697346194,0.004819315685618995,0.0004796133220536,0.15607324778383433,0.01526186683233373,-0.1066731340957714,0.004339702363565395,0.12193500092810512,0.014313697570353176
2020-11-18,-0.005372196323817739,-0.00024135392685683974,0.0052847575815448,0.15070105146001658,0.015020512905476891,-0.1013883765142266,-0.0055261115084016404,0.11640888941970348,0.014278832388653335
2020-11-19,0.0007732016822393146,0.005004557840530366,0.0044297768121089,0.1514742531422559,0.02002507074600726,-0.09695859970211769,0.0005747810284214665,0.11698367044812495,0.01475123266374091
2020-11-20,0.0069361560677163705,0.0067296146949756865,0.0093658338655449,0.15841040920997226,0.026754685440982945,-0.08759276583657279,-0.0026362191705692137,0.11434745127755573,0.014613961195150555
2020-11-23,0.0008849212754586831,-0.00025787268184354075,-0.003634470409962,0.15929533048543096,0.026496812759139406,-0.09122723624653478,0.003376597728118459,0.11772404900567418,0.014780641310051858
2020-11-24,0.006048229173441445,-0.008531922407406663,-0.0135101761628753,0.1653435596588724,0.017964890351732744,-0.10473741240941008,0.0049782537554686375,0.12270230276114283,0.014561189697902537
2020-11-25,0.003608525964316321,-0.0023824395119108627,-3.462519077892706e-05,0.16895208562318872,0.015582450839821882,-0.10477203760018901,-0.002347814321131936,0.12035448844001088,0.014942829862695975
2020-11-26,0.0018454516572501503,0.0010667322334741761,0.0095939089360324,0.17079753728043887,0.016649183073296058,-0.0951781286641566,-0.008527176702558224,0.11182731173745267,0.015343344970815966
2020-11-27,0.004249156108082842,-0.00040535196112232434,-0.0038100512127107,0.17504669338852172,0.016243831112173732,-0.09898817987686731,0.0034046992515883753,0.11523201098904104,0.015250662793472716
2020-11-30,-0.0048202226881822645,0.008266130001669952,0.0173152095975955,0.17022647070033944,0.024509961113843685,-0.08167297027927181,-0.009049079595925547,0.10618293139311549,0.014817474082039395
2020-12-01,0.0035224039905320183,0.003087338779159534,-0.0005080321585557,0.17374887469087147,0.02759729989300322,-0.08218100243782751,0.003595370937715234,0.10977830233083073,0.013768835607008867
2020-12-02,0.000849344922145467,-0.000984987716154826,-0.0017438427162611,0.17459821961301694,0.026612312176848393,-0.08392484515408861,0.0007588550001062738,0.11053715733093701,0.013402168862029497
2020-12-03,-0.0031895135023575524,0.0008728930236471394,0.001365418248261,0.1714087061106594,0.027485205200495532,-0.08255942690582761,-0.0004925252246138607,0.11004463210632315,0.01413444888858066
2020-12-04,-0.0018803890642245416,-0.004556163863532839,-0.0074170250244826,0.16952831704643484,0.02292904133696269,-0.08997645193031022,0.0028608611609497606,0.11290549326727291,0.014548898212984482
2020-12-07,-0.003822009694967747,-0.0034901829623397366,-0.0022377005719433,0.1657063073514671,0.019438858374622954,-0.09221415250225351,-0.0012524823903964366,0.11165301087687646,0.014950278513210756
2020-12-08,0.002112389973986967,-0.013591550487088844,-0.0140101175905886,0.16781869732545407,0.00584730788753411,-0.1062242700928421,0.00041856710349975554,0.11207157798037622,0.015418138453023526
2020-12-09,-0.0006018537050030314,-0.000285204630407021,-0.0005113409894583,0.16721684362045103,0.005562103257127089,-0.10673561108230041,0.000226136359051279,0.1122977143394275,0.015258347030618185
2020-12-10,0.0004102805335770406,-0.012892122977473226,-0.0106886168428733,0.16762712415402806,-0.007330019720346137,-0.11742422792517371,-0.002203506134599926,0.11009420820482757,0.015935619875039945
2020-12-11,-0.0050286041601075365,0.0034947377829225358,0.0069466587030214,0.16259851999392053,-0.0038352819374236013,-0.11047756922215231,-0.0034519209200988645,0.1066422872847287,0.015889424730394758
2020-12-14,-0.005558328849924833,-0.003307273345406536,0.0004814463842826,0.1570401911439957,-0.007142555282830138,-0.1099961228378697,-0.0037887197296891362,0.10285356755503956,0.015206129535882188
2020-12-15,-9.682841666137034e-05,-0.008567183430683679,-0.0018068635284889,0.15694336272733433,-0.01570973871351382,-0.1118029863663586,-0.006760319902194779,0.09609324765284478,0.013542036058611985
2020-12-16,0.0016277002321725843,0.007655977733451017,0.0101035707937773,0.15857106295950693,-0.008053760980062802,-0.1016994155725813,-0.0024475930603262827,0.0936456545925185,0.013341180795900662
2020-12-17,0.0032227982959059007,-0.001922121705197935,-0.0033828802993418,0.16179386125541284,-0.009975882685260737,-0.10508229587192311,0.0014607585941438651,0.09510641318666237,0.014361205838261165
2020-12-18,-0.004438412325461682,0.0061292581945476465,0.0108541993580474,0.15735544892995115,-0.0038466244907130907,-0.0942280965138757,-0.004724941163499753,0.09038147202316262,0.014533422792123218
2020-12-21,0.0040673146099337,-0.014029011462629958,-0.019547165645279,0.16142276353988486,-0.017875635953343048,-0.1137752621591547,0.005518154182649041,0.09589962620581166,0.014945013798828193
2020-12-22,-0.0011319029121221458,0.0029576203954485157,0.0070652215410194,0.1602908606277627,-0.014918015557894532,-0.1067100406181353,-0.004107601145570884,0.09179202506024077,0.014421525483044833
2020-12-23,-0.003947056658032261,-0.01629366859259958,-0.0074182843526976,0.15634380396973044,-0.031211684150494114,-0.1141283249708329,-0.00887538423990198,0.08291664082033878,0.0150480006111715
2020-12-24,0.0010773093099863418,0.008212470484731706,0.0085167205020333,0.15742111327971678,-0.022999213665762408,-0.10561160446879961,-0.0003042500173015949,0.0826123908030372,0.014773019326425274
2020-12-25,0.0022882507822380447,-0.006712473082100351,-0.0007712924280191,0.15970936406195482,-0.02971168674786276,-0.10638289689681871,-0.005941180654081251,0.07667121014895595,0.01471986955061887
2020-12-28,0.005290140100408215,0.0004017812112693989,-0.0058847881223426,0.16499950416236303,-0.02930990553659336,-0.1122676850191613,0.006286569333611999,0.08295777948256794,0.014488076913234418
2020-12-29,-0.004091543320931152,0.0018817113782708952,0.0104136504834467,0.16090796084143189,-0.027428194158322466,-0.10185403453571461,-0.008531939105175804,0.07442584037739214,0.014195851002872191
2020-12-30,-0.007044083310791407,0.00716668444924703,0.0166897130675896,0.15386387753064049,-0.020261509709075434,-0.08516432146812501,-0.00952302861834257,0.06490281175904958,0.013816440256070947
2020-12-31,0.0,0.0,0.0,0.15386387753064049,-0.020261509709075434,-0.08516432146812501,0.0,0.06490281175904958,0.014247912632197015
