time,pnl,long_pnl,benchmark_ret,cum_pnl,cum_long_pnl,cum_benchmark_ret,excess_ret,cum_excess_ret,turnover
2018-01-08,0.0,0.0,0.0,0.0,0.0,0.0,0.0,0.0,0.0
2018-01-09,0.001925275075939012,-0.006618199664355813,0.0008694901679445,0.001925275075939012,-0.006618199664355813,0.0008694901679445,-0.007487689832300313,-0.007487689832300313,1.0
2018-01-10,-0.0026994185406125654,0.0035971038796452676,0.0021593353710583,-0.0007741434646735535,-0.003021095784710546,0.0030288255390028,0.0014377685085869675,-0.006049921323713346,0.3004661517069693
2018-01-11,0.000315225280471685,-0.004704258933968058,0.0003706655322411,-0.00045891818420186844,-0.007725354718678603,0.0033994910712439,-0.005074924466209158,-0.011124845789922504,0.33822878846294224
2018-01-12,0.0032851538707613483,-0.025146162320573737,-0.008572478167785,0.0028262356865594797,-0.03287151703925234,-0.005172987096541101,-0.016573684152788738,-0.02769852994271124,0.3554473732677004
2018-01-15,-0.0025012413396394016,0.0037133653841779214,0.0071334163908125,0.00032499434692007806,-0.02915815165507442,0.0019604292942713986,-0.003420051006634578,-0.031118580949345817,0.3432790155606466
2018-01-16,-0.0026346453272350044,-0.0007427430801587876,0.0004571802547014,-0.0023096509803149264,-0.029900894735233205,0.0024176095489727985,-0.0011999233348601876,-0.032318504284206004,0.37366447662969837
2018-01-17,0.002228400137111822,0.003215691753430554,0.0084864318103431,-8.125084320310429e-05,-0.02668520298180265,0.0109040413593159,-0.005270740056912547,-0.03758924434111855,0.336985184222123
2018-01-18,-0.003167139916657158,-0.003455963716695545,0.0024095949573153,-0.0032483907598602623,-0.030141166698498197,0.0133136363166312,-0.005865558674010845,-0.0434548030151294,0.3936763698704536
2018-01-19,0.0038050602673855498,0.009967431060968372,0.0072890221381988,0.0005566695075252875,-0.020173735637529826,0.02060265845483,0.002678408922769572,-0.04077639409235982,0.3731381681018921
2018-01-22,-0.0008352121192432733,0.0009191051969218743,0.0122525929284334,-0.00027854261171798584,-0.01925463044060795,0.032855251383263395,-0.011333487731511525,-0.05210988182387134,0.37803618808485473
2018-01-23,0.0003275696364844762,0.006597960312701079,0.0029174739577414,4.9027024766490335e-05,-0.012656670127906871,0.03577272534100479,0.0036804863549596794,-0.04842939546891166,0.455747138660811
2018-01-24,0.0004976959079346344,-0.0033116496899847285,-0.0045137009955697,0.0005467229327011248,-0.0159683198178916,0.031259024345435094,0.0012020513055849718,-0.04722734416332669,0.4019550571041757
2018-01-25,0.0016556537162298567,-0.0014187172057609826,0.0022214894968308,0.0022023766489309817,-0.01738703702365258,0.03348051384226589,-0.0036402067025917825,-0.05086755086591847,0.37781878676312125
2018-01-26,-0.005952899795410525,-0.02035966062908263,-0.0131554438272445,-0.0037505231464795433,-0.03774669765273521,0.020325070015021394,-0.007204216801838132,-0.0580717676677566,0.39965888356521584
2018-01-29,0.002037288260568761,-0.0004829688501142188,-0.0094684813310998,-0.0017132348859107823,-0.038229666502849424,0.010856588683921595,0.00898551248098558,-0.04908625518677102,0.3603764174673405
2018-01-30,0.008882206373056561,-0.019171790547887077,-0.0058092172982445,0.007168971487145779,-0.0574014570507365,0.0050473713856770954,-0.013362573249642577,-0.0624488284364136,0.40636873698525544
2018-01-31,-9.175237953666716e-05,-0.04013132095772646,-0.0163677791574413,0.007077219107609112,-0.09753277800846297,-0.011320407771764202,-0.02376354180028516,-0.08621237023669877,0.3649243255145019
2018-02-01,0.0053395260943652845,-0.005245755332942857,0.0027738549244159,0.012416745201974395,-0.10277853334140583,-0.008546552847348302,-0.008019610257358756,-0.09423198049405752,0.44027966158708765
2018-02-02,0.005188338270409575,-0.007803599011188924,0.0035602970865158,0.01760508347238397,-0.11058213235259474,-0.004986255760832501,-0.011363896097704725,-0.10559587659176224,0.37628966325301555
2018-02-05,0.009252018406172867,-0.05453289160515594,-0.0394024738641026,0.026857101878556836,-0.16511502395775068,-0.044388729624935105,-0.015130417741053337,-0.12072629433281558,0.35074074400313504
2018-02-06,-0.005153173730100093,0.0006124976329303357,-0.0187612805149326,0.021703928148456744,-0.16450252632482035,-0.06315001013986771,0.019373778147862935,-0.10135251618495264,0.37363794854216864
2018-02-07,0.0003823244524055279,0.015697030600881724,-0.0088285936069091,0.022086252600862274,-0.1488054957239386,-0.07197860374677681,0.024525624207790822,-0.0768268919771618,0.37275589686176985
2018-02-08,0.0003847377080078751,-0.031924170241575234,-0.0403640234984652,0.022470990308870148,-0.18072966596551385,-0.11234262724524201,0.008439853256889965,-0.06838703872027184,0.40511052907112854
2018-02-09,-0.001202815812158442,0.027669349872801324,0.0132002974525211,0.021268174496711707,-0.15306031609271253,-0.0991423297927209,0.014469052420280223,-0.05391798629999163,0.4764177454304742
2018-02-12,0.003263217378178169,0.0035733873998079146,0.009273466138819,0.024531391874889875,-0.1494869286929046,-0.0898688636539019,-0.005700078739011086,-0.059618065039002716,0.3626956941063823
2018-02-13,0.0010447806471274752,0.0028617885872521238,0.0049711906579792,0.02557617252201735,-0.1466251401056525,-0.0848976729959227,-0.0021094020707270763,-0.0617274671097298,0.45824029051157383
2018-02-14,0.0006266939643650962,0.020088544848070877,0.0221415228567732,0.026202866486382446,-0.12653659525758162,-0.0627561501391495,-0.002052978008702324,-0.06378044511843213,0.4337372774979735
2018-02-22,-0.002836810046271105,0.0006122133794811154,0.004362382426002,0.023366056440111343,-0.1259243818781005,-0.05839376771314749,-0.0037501690465208846,-0.06753061416495301,0.4309723707012368
2018-02-23,-0.0025532944578325087,0.022235187275608494,0.0152879725627799,0.020812761982278834,-0.10368919460249201,-0.043105795150367596,0.006947214712828595,-0.06058339945212442,0.33581894605220985
2018-02-26,-0.0020923584928243884,-0.0005122455334354864,-0.0111838773992902,0.018720403489454446,-0.1042014401359275,-0.054289672549657796,0.010671631865854713,-0.0499117675862697,0.3348002390228282
2018-02-27,-0.0007241086673175095,-0.0002918620631497521,-0.0060116291402169,0.017996294822136938,-0.10449330219907725,-0.060301301689874694,0.0057197670770671475,-0.04419200050920256,0.36579903777152645
2018-02-28,-0.0011337796135113128,0.013604769738936802,0.006437892737932,0.016862515208625625,-0.09088853246014045,-0.05386340895194269,0.007166877001004802,-0.037025123508197755,0.39968242732782244
2018-03-01,0.0004766509034762978,-0.004469380549266082,-0.0067206159159254,0.017339166112101925,-0.09535791300940653,-0.06058402486786809,0.0022512353666593182,-0.034773888141538443,0.373607736872658
2018-03-02,0.003412624547022121,0.008859868607503719,0.0014333300394533,0.020751790659124046,-0.08649804440190281,-0.05915069482841479,0.007426538568050419,-0.02734734957348802,0.35291107252841625
2018-03-05,0.001412427445418636,0.01187640174860189,0.0105015926085664,0.022164218104542683,-0.07462164265330093,-0.04864910221984839,0.0013748091400354913,-0.02597254043345254,0.35201026864329843
2018-03-06,-0.0003496293691274316,-0.005876089811375952,-0.0060439322536637,0.021814588735415252,-0.08049773246467688,-0.05469303447351209,0.0001678424422877486,-0.02580469799116479,0.38411402067222755
2018-03-07,0.0011738044608511557,0.010376584421232921,0.0063003721024472,0.02298839319626641,-0.07012114804344396,-0.04839266237106489,0.004076212318785721,-0.021728485672379075,0.396149635348138
2018-03-08,-0.000812594069470962,0.016591848545395516,0.0092843741842354,0.022175799126795445,-0.05352929949804845,-0.03910828818682949,0.007307474361160117,-0.014421011311218965,0.37700281484531367
2018-03-09,-0.0008872880058114533,0.01511645405910634,0.0074090937429672,0.021288511120983993,-0.03841284543894211,-0.03169919444386229,0.007707360316139139,-0.006713650995079826,0.3894901395642413
2018-03-12,-0.005814310759746044,-0.00894886214654468,-0.0055736462915819,0.01547420036123795,-0.047361707585486794,-0.037272840735444186,-0.0033752158549627794,-0.010088866850042608,0.4365392744212402
2018-03-13,0.001585184251883372,-0.010374991075121482,-0.0078678731097676,0.01705938461312132,-0.05773669866060828,-0.04514071384521179,-0.0025071179653538816,-0.012595984815396491,0.3624828506510325
2018-03-14,0.0019345193241129199,-0.00458883038377511,0.000265970266915,0.01899390393723424,-0.06232552904438339,-0.04487474357829679,-0.0048548006506901106,-0.017450785466086603,0.399290365505613
2018-03-15,-0.0003336029312879778,-0.002455698817935863,-0.0074735368176534,0.018660301005946265,-0.06478122786231925,-0.052348280395950186,0.005017837999717537,-0.012432947466369068,0.3602132250450013
2018-03-16,0.00016397593520409186,0.006257280642415982,0.0028343829013538,0.018824276941150356,-0.05852394721990327,-0.049513897494596386,0.003422897741062182,-0.009010049725306883,0.428329031036755
2018-03-19,-0.0016943162631436522,0.003382315097085006,0.0030773033862736,0.017129960678006706,-0.055141632122818265,-0.046436594108322786,0.00030501171081140626,-0.00870503801449548,0.4319316268830569
2018-03-20,-0.001721041921895373,-0.008061550471966553,-0.0046435811776734,0.015408918756111334,-0.06320318259478482,-0.051080175285996184,-0.003417969294293153,-0.012123007308788632,0.4389001188259551
2018-03-21,-0.004461320306991351,-0.0035636974559394834,-0.0060027676220498,0.010947598449119984,-0.0667668800507243,-0.05708294290804598,0.0024390701661103163,-0.009683937142678317,0.41692569012976055
2018-03-22,0.008718074230586985,-0.05191478031768174,-0.0392954079455939,0.019665672679706966,-0.11868166036840605,-0.09637835085363988,-0.012619372372087843,-0.022303309514766168,0.42634529617560735
2018-03-23,0.0036140910633728884,0.018968128136967907,-0.0022663349052287,0.023279763743079857,-0.09971353223143814,-0.09864468575886859,0.021234463042196606,-0.0010688464725695512,0.4337150224898565
2018-03-26,-0.0032478232655599967,0.024128851889624558,0.013417937924394,0.02003194047751986,-0.07558468034181358,-0.08522674783447459,0.010710913965230558,0.009642067492661013,0.44056188546361763
2018-03-27,-0.001126692909410955,-0.007528036717837531,-0.0131868565328546,0.018905247568108904,-0.0831127170596511,-0.0984136043673292,0.005658819815017068,0.01530088730767809,0.4076098878730625
2018-03-28,-0.0029255127663980595,0.005902404651903142,0.0124141198898849,0.015979734801710846,-0.07721031240774796,-0.0859994844774443,-0.006511715237981758,0.00878917206969633,0.4090135788702631
2018-03-29,0.004155690407157529,0.020296326090648895,0.0059223084628879,0.020135425208868376,-0.05691398631709907,-0.0800771760145564,0.014374017627760995,0.02316318969745733,0.4389979090297067
2018-03-30,0.0033062808790942735,0.006474020721287911,-0.0023101016458123,0.02344170608796265,-0.05043996559581116,-0.0823872776603687,0.008784122367100211,0.03194731206455754,0.406936488736669
2018-04-02,0.0038267513748244278,-0.006377269567443296,-0.0088982250347259,0.02726845746278708,-0.05681723516325446,-0.0912855026950946,0.002520955467282604,0.03446826753184014,0.4893571632525095
2018-04-03,0.0009576179514430614,-0.00463865028616593,-0.0042008180568649,0.02822607541423014,-0.06145588544942039,-0.0954863207519595,-0.00043783222930102953,0.0340304353025391,0.42136781007544205
2018-04-04,0.00012844770976471793,0.0019479242649626813,0.0006072309700014,0.02835452312399486,-0.05950796118445771,-0.0948790897819581,0.0013406932949612813,0.035371128597500384,0.3985559723768642
2018-04-09,-0.001327907548981527,0.0015407250764063363,0.0145527930938078,0.027026615575013332,-0.05796723610805137,-0.08032629668815029,-0.013012068017401464,0.02235906058009892,0.4222729579779815
2018-04-10,0.0021052667457288243,0.007699170286325819,0.0054934588640355,0.029131882320742156,-0.05026806582172555,-0.07483283782411479,0.002205711422290319,0.02456477200238924,0.39667897286145004
2018-04-11,0.0007102238713147808,-0.004827754470500703,-0.0093124400740539,0.029842106192056937,-0.055095820292226254,-0.0841452778981687,0.004484685603553197,0.029049457605942443,0.46591388061997535
2018-04-12,0.0018435152297712793,-0.0024757363244089273,-0.005864132284837,0.031685621421828215,-0.05757155661663518,-0.09000941018300569,0.0033883959604280724,0.03243785356637051,0.4429311515249904
2018-04-13,-0.00019360202797075166,-0.0059483655922421734,-0.0141142081113379,0.031492019393857464,-0.06351992220887735,-0.10412361829434359,0.008165842519095728,0.04060369608546624,0.4290318535055492
2018-04-16,-0.0030624413417071907,-0.025992534627741846,-0.0176382047707431,0.028429578052150274,-0.0895124568366192,-0.12176182306508669,-0.008354329856998747,0.032249366228467496,0.42786912673888805
2018-04-17,-0.0005739752177015684,0.010618475973073267,0.0088789822273485,0.027855602834448705,-0.07889398086354593,-0.1128828408377382,0.0017394937457247666,0.033988859974192265,0.39665167863874895
2018-04-18,0.00045848327002583235,0.0037442167481738955,0.0078253613687203,0.028314086104474535,-0.07514976411537204,-0.10505747946901789,-0.004081144620546404,0.02990771535364585,0.4789210149561011
2018-04-19,0.000580619013098607,-0.02227244455852281,-0.0164446833080689,0.028894705117573142,-0.09742220867389485,-0.12150216277708678,-0.005827761250453912,0.024079954103191928,0.3928271681229267
2018-04-20,-0.0021094859070783212,-0.010228396508380757,-0.003508394327043,0.026785219210494822,-0.10765060518227561,-0.12501055710412978,-0.0067200021813377565,0.017359951921854175,0.3977176038022478
2018-04-23,-0.00474715104475922,0.02355439862651299,0.0209514245938346,0.022038068165735603,-0.08409620655576261,-0.10405913251029518,0.002602974032678392,0.01996292595453257,0.4298587128519384
2018-04-24,5.2771309999959113e-05,0.0067549054386491425,-0.0023404571905488,0.022090839475735563,-0.07734130111711347,-0.10639958970084398,0.009095362629197943,0.02905828858373051,0.3765487008393753
2018-04-25,0.0029171547471185887,-0.020539321554462305,-0.0173651351134912,0.02500799422285415,-0.09788062267157578,-0.12376472481433518,-0.003174186440971106,0.025884102142759394,0.5843762529019727
2018-04-26,0.0026294894213462487,0.001490843394217296,0.0029250596030998,0.0276374836442004,-0.09638977927735849,-0.12083966521123538,-0.001434216208882504,0.024449885933876883,0.40544195476394873
2018-04-27,0.0030794551902279185,-0.0023149820963444196,-0.0003819155565568,0.030716938834428317,-0.09870476137370292,-0.12122158076779217,-0.0019330665397876195,0.022516819394089255,0.41491534023670207
2018-05-02,-0.0010283306164792806,0.009137401968814544,0.0070676946180105,0.029688608217949036,-0.08956735940488837,-0.11415388614978167,0.0020697073508040443,0.024586526744893297,0.44382560400144394
2018-05-03,0.0006640310854101492,-0.0009493524688554859,-0.0037678762987334,0.030352639303359186,-0.09051671187374385,-0.11792176244851507,0.002818523829877914,0.027405050574771217,0.3999316861453588
2018-05-04,0.003325380498923945,0.021168379850818438,0.0159374865775335,0.03367801980228313,-0.06934833202292542,-0.10198427587098158,0.005230893273284937,0.032635943848056154,0.40100284588011315
2018-05-07,-0.0033656166621568433,0.005215054758396282,0.0082551345310358,0.030312403140126287,-0.06413327726452914,-0.09372914133994578,-0.0030400797726395177,0.029595864075416645,0.4301850864038647
2018-05-08,0.0003059686629083251,0.00032123453755051034,-0.0009964141960298,0.030618371803034613,-0.06381204272697863,-0.09472555553597559,0.0013176487335803103,0.030913512808996957,0.4888129268721332
2018-05-09,0.0008315267939010377,0.006338622795271529,0.0049185175405204,0.03144989859693565,-0.0574734199317071,-0.08980703799545518,0.0014201052547511287,0.032333618063748085,0.37243474267461074
2018-05-10,-0.0014380143313607254,-0.013116233153126296,-0.0057064282485662,0.030011884265574926,-0.07058965308483339,-0.09551346624402138,-0.007409804904560096,0.024923813159187985,0.3722356468432359
2018-05-11,0.007428486863406189,-0.002075464279829525,0.0012447241836344,0.03744037112898112,-0.07266511736466291,-0.09426874206038698,-0.003320188463463925,0.021603624695724064,0.357605036365969
2018-05-14,-0.00019868695141249092,0.01150175171537461,0.0060592332857271,0.037241684177568624,-0.0611633656492883,-0.08820950877465987,0.00544251842964751,0.02704614312537157,0.39977764778796193
2018-05-15,0.0017517885820149,-0.0021647211616618468,-0.007523021347275,0.03899347275958352,-0.06332808681095015,-0.09573253012193488,0.005358300185613153,0.03240444331098473,0.4248488749681783
2018-05-16,-0.0036396848419150423,-0.007355064524980926,-0.0056989657046233,0.03535378791766848,-0.07068315133593107,-0.10143149582655818,-0.0016560988203576255,0.030748344490627105,0.39047127551435307
2018-05-17,-0.0010084251559118497,0.00247783000323319,0.0097826076381051,0.034345362761756634,-0.06820532133269788,-0.09164888818845308,-0.00730477763487191,0.023443566855755202,0.36865398716028946
2018-05-18,-0.001102052181418512,0.012387799055341485,0.0064221967688641,0.03324331058033812,-0.055817522277356396,-0.08522669141958898,0.005965602286477385,0.029409169142232586,0.387916284863091
2018-05-21,-0.00022545219071553007,0.006297615718380506,-0.0008328302098194,0.033017858389622595,-0.04951990655897589,-0.08605952162940839,0.007130445928199906,0.0365396150704325,0.41272907521166413
2018-05-22,0.0008138768753002961,-0.010703816007158487,-0.0143704976809314,0.03383173526492289,-0.060223722566134376,-0.10043001931033979,0.0036666816737729122,0.040206296744205415,0.42767403376835467
2018-05-23,-0.000778938083067801,-0.003861205627906794,-0.0058317319895846,0.03305279718185509,-0.06408492819404117,-0.10626175129992439,0.0019705263616778055,0.04217682310588322,0.3640139606570057
2018-05-24,0.0027752795689740717,-0.008058905362095687,-0.0057395528443244,0.03582807675082916,-0.07214383355613686,-0.11200130414424879,-0.002319352517771287,0.039857470588111926,0.3971221195371149
2018-05-25,0.003855512061749356,-0.005665958280160998,-0.0020755815497218,0.03968358881257852,-0.07780979183629787,-0.11407688569397059,-0.003590376730439198,0.036267093857672725,0.36336491166230334
2018-05-28,-0.006945713655326467,-0.015704289301971576,-0.0083117622297824,0.03273787515725205,-0.09351408113826945,-0.122388647923753,-0.007392527072189176,0.028874566785483544,0.37878717688139346
2018-05-29,0.005312881525881916,-0.03478227242909563,-0.0276398840751627,0.03805075668313397,-0.12829635356736507,-0.1500285319989157,-0.007142388353932931,0.02173217843155062,0.4035788350804083
2018-05-30,0.0030541068088440837,0.01865805420587941,0.017146280400359,0.041104863491978054,-0.10963829936148567,-0.13288225159855668,0.0015117738055204118,0.023243952237071014,0.4187944605352848
2018-05-31,-0.0010899508725793782,-0.014184848906948764,-0.0090865086951841,0.04001491261939868,-0.12382314826843444,-0.14196876029374078,-0.005098340211764665,0.018145612025306346,0.4021518596753486
2018-06-01,-0.0026580020151114212,-0.001572926443558243,0.0040829120082346,0.03735691060428726,-0.12539607471199268,-0.13788584828550618,-0.0056558384517928426,0.012489773573513496,0.3916711965333176
2018-06-04,0.0038438453876477124,0.018955700046679035,0.0108976813042633,0.04120075599193497,-0.10644037466531364,-0.12698816698124288,0.008058018742415735,0.020547792315929236,0.4292706771582613
2018-06-05,-0.0006710227071481335,0.0017530083323806492,-0.0014117419297887,0.04052973328478684,-0.10468736633293299,-0.1283999089110316,0.003164750262169349,0.0237125425780986,0.39537920087336875
2018-06-06,-9.972650701792665e-05,-0.00987435867061035,-0.0030742407305585,0.04043000677776891,-0.11456172500354334,-0.1314741496415901,-0.00680011794005185,0.016912424638046764,0.4753404305466218
2018-06-07,0.004064673708966811,-0.00953556275261669,-0.0132165682494332,0.04449468048673572,-0.12409728775616002,-0.1446907178910233,0.003681005496816509,0.020593430134863283,0.43049986667686935
2018-06-08,-0.00596855652171843,-0.011535267641519074,-0.004823459551987,0.03852612396501729,-0.1356325553976791,-0.14951417744301032,-0.006711808089532074,0.013881622045331221,0.43501551636158625
2018-06-11,0.0021190834688168962,0.009541822219626846,0.0094067557932051,0.040645207433834186,-0.12609073317805225,-0.14010742164980522,0.00013506642642174653,0.01401668847175297,0.3736215512757067
2018-06-12,0.0013981217538818432,-0.017210332540377533,-0.0126882143012329,0.04204332918771603,-0.1433010657184298,-0.15279563595103812,-0.004522118239144633,0.00949457023260833,0.369371529599838
2018-06-13,0.001204730293830733,-0.004851592133010756,-0.0030637149883331,0.04324805948154676,-0.14815265785144055,-0.15585935093937123,-0.001787877144677656,0.007706693087930677,0.3846157286271859
2018-06-14,0.00228534821558145,-0.024397950377720138,-0.0097845011086874,0.04553340769712821,-0.17255060822916068,-0.16564385204805862,-0.014613449269032738,-0.006906756181102064,0.3954744019399202
2018-06-15,0.012109423924509694,-0.06574921992504962,-0.047269493248359,0.0576428316216379,-0.2382998281542103,-0.21291334529641762,-0.018479726676690615,-0.025386482857792686,0.401658092262241
2018-06-19,-0.00010649569653496537,0.013643416156963514,0.0047273978243444,0.05753633592510293,-0.22465641199724679,-0.20818594747207322,0.008916018332619114,-0.01647046452517356,0.49114553456586074
2018-06-20,0.0036373556118492857,-0.027571055382329145,-0.0166324420257565,0.06117369153695222,-0.2522274673795759,-0.22481838949782973,-0.010938613356572646,-0.02740907788174618,0.43902082514184615
2018-06-21,-0.0022742766629174327,0.014123717474312812,0.0072346094342784,0.058899414874034786,-0.2381037499052631,-0.21758378006355134,0.006889108040034412,-0.020519969841711755,0.418258383010703
2018-06-22,-0.002614225012203711,-0.0032458461404248607,-0.0107874856492637,0.05628518986183108,-0.24134959604568795,-0.22837126571281505,0.007541639508838838,-0.012978330332872906,0.43312935642582934
2018-06-25,-0.0033918941459190957,0.008566881550138466,-0.003486533048107,0.05289329571591198,-0.2327827144955495,-0.23185779876092205,0.012053414598245465,-0.0009249157346274406,0.43923651614360687
2018-06-26,-0.004433540050079024,-0.011482848688879842,-0.0137366174005636,0.04845975566583296,-0.24426556318442932,-0.24559441616148564,0.002253768711683757,0.0013288529770563162,0.4473268511987213
2018-06-27,-0.0025759237742131232,-0.01425056516799183,-0.0106172006993063,0.04588383189161983,-0.25851612835242116,-0.25621161686079197,-0.0036333644686855297,-0.002304511491629191,0.5675842676929755
2018-06-28,0.0006918343490358432,0.03251191885539468,0.0258175951063966,0.04657566624065568,-0.2260042094970265,-0.23039402175439538,0.006694323748998081,0.004389812257368897,0.4624064468614462
2018-06-29,-0.0021034130847657393,-0.015264644015400895,-0.0250449707938517,0.044472253155889936,-0.24126885351242738,-0.2554389925482471,0.009780326778450804,0.014170139035819707,0.44435528585738365
2018-07-02,-0.0005929110352523098,0.012862699856903248,0.0050509721706241,0.04387934212063763,-0.22840615365552414,-0.250388020377623,0.007811727686279148,0.021981866722098842,0.43066213370028517
2018-07-03,0.0028186846920333825,-0.019888818686372354,-0.0126373816525786,0.04669802681267101,-0.24829497234189649,-0.2630254020302016,-0.007251437033793754,0.014730429688305097,0.40387640973305233
2018-07-04,0.001430896325128123,-0.026491176230474776,-0.0141230047693853,0.04812892313779913,-0.27478614857237127,-0.27714840679958685,-0.012368171461089476,0.0023622582272155856,0.41476342724307075
2018-07-05,-0.00022981270946846206,0.003957537146213742,0.0043769599469001,0.04789911042833067,-0.27082861142615755,-0.2727714468526867,-0.0004194228006863575,0.001942835426529177,0.43157346735888613
2018-07-06,0.0019053036535907294,0.025934464654136576,0.0275364805791961,0.0498044140819214,-0.24489414677202098,-0.24523496627349062,-0.0016020159250595238,0.0003408195014696358,0.4215359465887329
2018-07-09,-0.0017656727835196606,0.009149226368553736,0.0047801559177776,0.04803874129840174,-0.23574492040346726,-0.240454810355713,0.004369070450776136,0.004709889952245749,0.5452190593321038
2018-07-10,0.002416631581344885,-0.021982410116606475,-0.0192443434376853,0.05045537287974662,-0.25772733052007374,-0.2596991537933983,-0.002738066678921177,0.001971823273324569,0.5682064995151318
2018-07-11,0.0005358446603630353,0.027737722782985034,0.0243175116665149,0.05099121754010966,-0.2299896077370887,-0.2353816421268834,0.003420211116470135,0.0053920343897946865,0.4517586216039968
2018-07-12,0.003046834358598703,0.005956488693139972,0.0025855119268476,0.05403805189870836,-0.22403311904394874,-0.23279613020003578,0.003370976766292372,0.008763011156087047,0.4522765110016203
2018-07-13,0.0013744209975068145,-0.0007842613369782982,-0.0055640869728733,0.055412472896215176,-0.22481738038092702,-0.2383602171729091,0.004779825635895002,0.013542836791982066,0.5276155597384412
2018-07-16,-0.005369463870037045,-0.0026297011071627586,-0.0046158967855024,0.05004300902617813,-0.2274470814880898,-0.24297611395841148,0.001986195678339641,0.015529032470321696,0.3634066638328519
2018-07-17,-0.0022827410516398886,-0.007335793012931733,-0.0046815121824121,0.04776026797453824,-0.23478287450102153,-0.2476576261408236,-0.0026542808305196333,0.012874751639802062,0.34954872583797764
2018-07-18,0.00345922085618371,-0.010879509883372353,-0.0061786075943475,0.05121948883072195,-0.2456623843843939,-0.2538362337351711,-0.004700902289024853,0.008173849350777224,0.33477634541252826
2018-07-19,-0.0017487137622329112,0.009756724734990188,0.0195238217123159,0.04947077506848904,-0.2359056596494037,-0.23431241202285522,-0.009767096977325713,-0.0015932476265484719,0.3544566906854844
2018-07-20,-0.0035745695285760585,0.0019525939869042786,0.0097762877272114,0.045896205539912985,-0.2339530656624994,-0.22453612429564382,-0.00782369374030712,-0.009416941366855586,0.4720995008411441
2018-07-23,1.5421497806119335e-05,0.015562131190198107,0.014999904270854,0.0459116270377191,-0.2183909344723013,-0.20953622002478983,0.0005622269193441068,-0.008854714447511458,0.3807062067826315
2018-07-24,-0.004202062523602058,-0.0016374559277375687,-0.0002460364219283,0.041709564514117045,-0.22002839040003885,-0.20978225644671813,-0.0013914195058092687,-0.010246133953320719,0.3737938479669989
2018-07-25,-0.012596767354569528,-0.013163462010202515,-0.0082155072627219,0.029112797159547517,-0.23319185241024137,-0.21799776370944005,-0.004947954747480615,-0.015194088700801328,0.42182150073409974
2018-07-26,0.0016331151010471204,-0.0056144004204925595,-0.0044173482770574,0.030745912260594636,-0.23880625283073392,-0.22241511198649744,-0.0011970521434351592,-0.016391140844236485,0.40910591344788716
2018-07-27,0.003420665990061053,-0.015430454299879397,-0.0052642453584715,0.03416657825065569,-0.2542367071306133,-0.22767935734496894,-0.010166208941407897,-0.026557349785644363,0.37026989368401486
2018-07-30,-0.0034087407849896665,-0.002094355112647491,0.002072620487642,0.03075783746566602,-0.2563310622432608,-0.22560673685732693,-0.004166975600289492,-0.030724325385933865,0.3845013178907544
2018-07-31,-0.0012159558830561116,-0.018011899839729416,-0.0191464010194507,0.029541881582609907,-0.2743429620829902,-0.24475313787677763,0.0011345011797212826,-0.02958982420621256,0.4241769866603231
2018-08-01,-0.001247724534423472,-0.028692120588341266,-0.0225189443294556,0.028294157048186434,-0.30303508267133145,-0.2672720822062332,-0.006173176258885665,-0.03576300046509823,0.377650056830245
2018-08-02,0.0007870172323783145,-0.016444550612583517,-0.0116559179276908,0.02908117428056475,-0.319479633283915,-0.278928000133924,-0.004788632684892718,-0.040551633149990995,0.3980921386415509
2018-08-03,-0.003314816190250333,-0.02700736746007983,-0.0150924300381416,0.02576635809031442,-0.3464870007439948,-0.2940204301720656,-0.01191493742193823,-0.052466570571929216,0.36690844087632163
2018-08-06,0.0005449808846070144,0.026817224225018404,0.027485125489262,0.026311338974921432,-0.3196697765189764,-0.26653530468280356,-0.0006679012642435977,-0.053134471836172814,0.37537917689543726
2018-08-07,0.004778058322182967,-0.019790330482916736,-0.0149594132541787,0.031089397297104398,-0.3394601070018931,-0.2814947179369823,-0.004830917228738036,-0.05796538906491083,0.39416396774543533
2018-08-08,-0.0034137742422184324,0.024057356328834982,0.020964711400721,0.027675623054885967,-0.3154027506730581,-0.2605300065362613,0.0030926449281139835,-0.054872744136796825,0.43861950606928485
2018-08-09,-0.0019027899059821966,0.006895573954537029,0.0013299140260933,0.02577283314890377,-0.30850717671852107,-0.259200092510168,0.005565659928443729,-0.04930708420835306,0.4359205877926365
2018-08-10,-5.0695852901643735e-05,0.002919692432850149,-0.0026096722438327,0.025722137296002125,-0.3055874842856709,-0.2618097647540007,0.005529364676682849,-0.0437777195316702,0.5383892955067853
2018-08-13,0.0004212641438555873,-0.0019116630188547802,-0.0025985502808299,0.026143401439857713,-0.30749914730452566,-0.2644083150348306,0.0006868872619751197,-0.04309083226969507,0.4261002650009351
2018-08-14,-0.0033622647541339474,-0.02285539716737153,-0.0217258144287563,0.022781136685723766,-0.33035454447189716,-0.2861341294635869,-0.0011295827386152285,-0.044220415008310254,0.46246091245492954
2018-08-15,-0.0007582601207569924,-0.011134085632924746,-0.0077698113767463,0.022022876564966775,-0.3414886301048219,-0.2939039408403332,-0.003364274256178446,-0.04758468926448867,0.4072303082798289
2018-08-16,-0.0018041916633582094,-0.021380143762377474,-0.0145641666673725,0.020218684901608566,-0.36286877386719935,-0.3084681075077057,-0.006815977095004975,-0.054400666359493643,0.3487901856411593
2018-08-17,-0.0017481254895577458,0.004493588229171903,0.0101384972602765,0.01847055941205082,-0.35837518563802745,-0.2983296102474292,-0.005644909031104596,-0.06004557539059824,0.4316395280739315
2018-08-20,0.0019137748660508422,0.013989846340605367,0.0134385649461657,0.020384334278101664,-0.3443853392974221,-0.2848910453012635,0.0005512813944396674,-0.059494293996158576,0.46409104177393384
2018-08-21,0.0012635712019224861,-0.012553094973061216,-0.0083166601038789,0.02164790548002415,-0.35693843427048333,-0.2932077054051424,-0.004236434869182315,-0.06373072886534092,0.4105389567382788
2018-08-22,-0.0025118057123028835,0.006710140007870457,0.0039447573119619,0.01913609976772127,-0.35022829426261287,-0.2892629480931805,0.0027653826959085567,-0.06096534616943239,0.44591689589224515
2018-08-23,-0.00015282699811626605,-0.003282803615524728,0.0012885846462994,0.018983272769605004,-0.3535110978781376,-0.2879743634468811,-0.0045713882618241275,-0.06553673443125652,0.435293996259934
2018-08-24,0.0036427509649291047,0.02475272634413353,0.0208845063185246,0.02262602373453411,-0.3287583715340041,-0.2670898571283565,0.0038682200256089302,-0.061668514405647634,0.3917468810082324
2018-08-27,-0.0011712268795212742,9.04029197417632e-06,-0.0005258863921574,0.021454796855012837,-0.32874933124202993,-0.26761574352051387,0.0005349266841315764,-0.06113358772151606,0.42851708631565183
2018-08-28,0.0015863179371625293,-0.005151100972795242,-0.0041876996162977,0.023041114792175365,-0.3339004322148252,-0.2718034431368116,-0.0009634013564975424,-0.06209698907801359,0.37741033609214697
2018-08-29,0.0014819888863932056,-0.014581692415528471,-0.0124475913143909,0.02452310367856857,-0.34848212463035366,-0.2842510344512025,-0.0021341011011375716,-0.06423109017915118,0.36742993627727627
2018-08-30,-0.00333034096585864,-0.014502508515960395,-0.0061733569970488,0.02119276271270993,-0.3629846331463141,-0.2904243914482513,-0.008329151518911594,-0.0725602416980628,0.33751257025677267
2018-08-31,0.0016802613616044835,0.00038937736522302673,-0.0014558534787456,0.022873024074314414,-0.36259525578109103,-0.2918802449269969,0.0018452308439686268,-0.07071501085409415,0.3615865427702606
2018-09-03,-0.00011260629301598903,0.012024905901922928,0.0111305523235148,0.022760417781298427,-0.35057034987916813,-0.2807496926034821,0.0008943535784081275,-0.06982065727568604,0.35138250175469016
2018-09-04,-0.003334246523177925,-0.017653339187832157,-0.0179032263431785,0.019426171258120503,-0.3682236890670003,-0.2986529189466606,0.00024988715534634415,-0.06957077012033974,0.39154635205015315
2018-09-05,-0.0024162896107722425,-0.00634876828118811,-0.0064712835623056,0.01700988164734826,-0.37457245734818845,-0.30512420250896616,0.00012251528111748965,-0.06944825483922229,0.3528773445945392
2018-09-06,0.0008147569872788222,0.002972537506891027,0.0030953313439373,0.01782463863462708,-0.3715999198412974,-0.30202887116502886,-0.00012279383704627295,-0.06957104867626857,0.40161291089752676
2018-09-07,-0.00020040778223080164,-0.020720897726496646,-0.0151045523895311,0.01762423085239628,-0.3923208175677941,-0.31713342355456,-0.005616345336965546,-0.0751873940132341,0.39987012364827035
2018-09-10,-0.0005298512590551398,0.00258396354298185,-0.0011152447085998,0.01709437959334114,-0.38973685402481223,-0.3182486682631598,0.00369920825158165,-0.07148818576165245,0.3710863138324661
2018-09-11,0.0005825685632531999,-0.0017958509224291442,-0.0039326569593489,0.01767694815659434,-0.39153270494724135,-0.3221813252225087,0.002136806036919756,-0.06935137972473265,0.4494174796048328
2018-09-12,0.0009364055135141195,0.008235122878660003,0.0109540507204117,0.018613353670108457,-0.38329758206858133,-0.311227274502097,-0.0027189278417516973,-0.07207030756648436,0.3660482220151179
2018-09-13,0.0022048325553778608,-0.008698319289038269,-0.0032907710331277,0.02081818622548632,-0.3919959013576196,-0.31451804553522467,-0.005407548255910569,-0.07747785582239491,0.38816258141474197
2018-09-14,-0.0015434966465398415,-0.01672174951407742,-0.0122082067303949,0.01927468957894648,-0.408717650871697,-0.3267262522656196,-0.0045135427836825205,-0.0819913986060774,0.3765371907441286
2018-09-17,-0.0004085497672373197,0.017834975568253086,0.0175268507093053,0.01886613981170916,-0.3908826753034439,-0.30919940155631426,0.0003081248589477878,-0.08168327374712964,0.39420359678806755
2018-09-18,0.0014865437221422179,0.014093200845148856,0.0127365470076944,0.020352683533851376,-0.376789474458295,-0.29646285454861987,0.0013566538374544558,-0.08032661990967516,0.3768154899759471
2018-09-19,0.0009795141303129426,-0.0032575083959740752,-0.0006374068975386,0.021332197664164318,-0.3800469828542691,-0.2971002614461585,-0.0026201014984354753,-0.0829467214081106,0.3678976297350589
2018-09-20,0.006862454646055671,0.018191359313252064,0.0245589605831236,0.02819465231021999,-0.361855623541017,-0.27254130086303485,-0.006367601269871535,-0.08931432267798217,0.41984571166730994
2018-09-21,-0.0005313205128205596,-0.00406685927630236,-0.0064260303582367,0.02766333179739943,-0.36592248281731937,-0.27896733122127154,0.0023591710819343397,-0.08695515159604783,0.36384137147058504
2018-09-25,0.005156822863313179,0.008863369777720304,0.0084527516720078,0.03282015466071261,-0.3570591130395991,-0.2705145795492637,0.00041061810571250447,-0.08654453349033536,0.41691672490694853
2018-09-26,0.003515481838644873,-0.014013327971523565,-0.007797799795558,0.036335636499357477,-0.37107244101112263,-0.2783123793448217,-0.006215528175965566,-0.09276006166630091,0.3182879361328831
2018-09-27,0.0037947401282211004,0.010728456501473022,0.0103789909259298,0.040130376627578575,-0.3603439845096496,-0.2679333884188919,0.00034946557554322265,-0.09241059609075769,0.31514119301259624
2018-09-28,-0.00350338983256672,-0.04043672900714345,-0.0402635020149368,0.036626986795011855,-0.40078071351679306,-0.3081968904338287,-0.00017322699220664872,-0.09258382308296437,0.39286492469093837
2018-10-08,-0.0040391437554691476,-0.0013055540282560505,0.0005813572711932,0.03258784303954271,-0.4020862675450491,-0.3076155331626355,-0.0018869112994492503,-0.0944707343824136,0.3378012088874875
2018-10-09,-0.002960395744348071,-0.0004779320800276447,0.0007202761829417,0.029627447295194637,-0.4025641996250768,-0.30689525697969383,-0.0011982082629693447,-0.09566894264538295,0.44436381508586137
2018-10-10,0.006896711258368828,-0.07427211299986342,-0.0580020133998208,0.03652415855356347,-0.4768363126249402,-0.36489727037951464,-0.016270099600042616,-0.11193904224542556,0.33816354984018016
2018-10-11,0.002927700303252818,-0.0026744165255544157,0.0088727069998085,0.039451858856816284,-0.4795107291504946,-0.3560245633797061,-0.011547123525362916,-0.12348616577078847,0.3388395086129703
2018-10-12,-0.005627564846074441,-0.01543247980758591,-0.0150429852616485,0.03382429401074184,-0.49494320895808047,-0.3710675486413546,-0.0003894945459374105,-0.12387566031672587,0.38890018510023494
2018-10-15,-0.003461034614212647,-0.02319121073688086,-0.0111352883697839,0.030363259396529195,-0.5181344196949613,-0.3822028370111385,-0.012055922367096959,-0.13593158268382283,0.36809588872432447
2018-10-16,-0.003479364767681856,0.005285587567448527,0.0062489628825497,0.02688389462884734,-0.5128488321275128,-0.37595387412858877,-0.0009633753151011733,-0.13689495799892398,0.41153807409405635
2018-10-17,0.002435497702571499,-0.029107944194446782,-0.0291553152948319,0.02931939233141884,-0.5419567763219595,-0.40510918942342067,4.73711003851178e-05,-0.13684758689853882,0.41855798526263954
2018-10-18,0.002616029196007026,0.0252350769615623,0.026621292850232,0.031935421527425865,-0.5167216993603971,-0.37848789657318865,-0.0013862158886697,-0.13823380278720848,0.3903074124354473
2018-10-19,6.622077211458256e-05,0.04951605846481597,0.042468315550808,0.032001642299540445,-0.46720564089558114,-0.33601958102238066,0.007047742914007969,-0.13118605987320048,0.4822990583247474
2018-10-22,-0.0015810572876875995,-0.018561964269549897,-0.0233586483298512,0.030420585011852845,-0.48576760516513107,-0.35937822935223185,0.004796684060301305,-0.12638937581289922,0.4275401343005223
2018-10-23,-0.003554291101080579,-0.0034330035224217187,0.0024681262359944,0.026866293910772266,-0.4892006086875528,-0.35691010311623744,-0.005901129758416119,-0.13229050557131533,0.5339020947862304
2018-10-24,-0.0020086230955021663,-0.009087962498172977,-0.0003548533999754,0.0248576708152701,-0.4982885711857257,-0.3572649565162128,-0.008733109098197576,-0.1410236146695129,0.38613141840335125
2018-10-25,-0.003089303632495825,-0.00042704143735320933,-0.0014012772940005,0.021768367182774275,-0.49871561262307895,-0.35866623381021334,0.0009742358566472906,-0.1400493788128656,0.3852134738895972
2018-10-26,-0.0011439609475740078,-0.017807563008918705,-0.0227910732575062,0.020624406235200267,-0.5165231756319977,-0.3814573070677195,0.004983510248587494,-0.13506586856427816,0.38243838929396007
2018-10-29,-0.0001819567890760355,0.010747273361650479,0.009305877324722,0.020442449446124233,-0.5057759022703472,-0.37215142974299753,0.0014413960369284787,-0.13362447252734966,0.43795489785821895
2018-10-30,0.00022103395212235457,0.016435460426849863,0.0127389063892605,0.02066348339824659,-0.48934044184349734,-0.359412523353737,0.0036965540375893634,-0.12992791848976032,0.5066712007170574
2018-10-31,0.002488195097559835,0.007779566228381485,0.0039059292273618,0.023151678495806422,-0.48156087561511585,-0.3555065941263752,0.003873637001019685,-0.12605428148874065,0.46236312784236894
2018-11-01,0.005645995733642602,0.03329444185360064,0.0283474321165822,0.028797674229449025,-0.4482664337615152,-0.327159162009793,0.0049470097370184415,-0.1211072717517222,0.4204167355836729
2018-11-02,-0.003937469096806679,0.003274967881537772,-0.00370310633975,0.024860205132642345,-0.44499146587997745,-0.330862268349543,0.006978074221287772,-0.11412919753043443,0.4106351515928958
2018-11-05,3.3556807366052996e-05,-0.0028143778239233643,-0.003134962071231,0.024893761940008398,-0.4478058437039008,-0.333997230420774,0.0003205842473076358,-0.1138086132831268,0.43665313257662375
2018-11-06,-0.0015821849697587726,-0.002896989327307053,-0.0057320671571691,0.023311576970249624,-0.45070283303120784,-0.3397292975779431,0.0028350778298620472,-0.11097353545326472,0.3583419188745077
2018-11-07,-0.006921195409759711,-0.005946314458560234,-0.0027204304621853,0.016390381560489914,-0.4566491474897681,-0.3424497280401284,-0.0032258839963749345,-0.11419941944963968,0.3281574119543871
2018-11-08,-5.234100792041921e-05,-0.00263276878886847,-0.0126927750171558,0.016338040552569495,-0.45928191627863657,-0.35514250305728423,0.01006000622828733,-0.10413941322135234,0.34722234001581825
2018-11-09,-0.005101216003909363,0.024930715555112434,0.0153501215589054,0.011236824548660132,-0.4343512007235241,-0.3397923814983788,0.009580593996207034,-0.09455881922514531,0.3787106400035761
2018-11-12,-0.009571590885678546,0.0117262183394986,0.0109923632444849,0.0016652336629815866,-0.4226249823840255,-0.32880001825389393,0.0007338550950136986,-0.09382496413013158,0.4088270186475866
2018-11-13,-0.001990497471209422,-0.002668307894690368,-0.0077770638743492,-0.00032526380822783547,-0.4252932902787159,-0.3365770821282431,0.005108755979658831,-0.08871620815047276,0.4236874118823894
2018-11-14,0.002650343873832502,0.020808567110814455,0.0136395285829369,0.0023250800656046664,-0.4044847231679014,-0.32293755354530623,0.007169038527877555,-0.08154716962259517,0.3613389357787755
2018-11-15,-0.0046598391132932765,0.006737121786284678,0.0054036128930333,-0.00233475904768861,-0.39774760138161674,-0.3175339406522729,0.001333508893251378,-0.08021366072934383,0.3444982838708416
2018-11-16,-0.0009577380103374205,0.0015179536066658923,0.0079012084948854,-0.0032924970580260303,-0.39622964777495084,-0.3096327321573875,-0.006383254888219508,-0.08659691561756333,0.34333962460974427
2018-11-19,0.0019990716821190763,-0.025648137032772324,-0.0231548809849948,-0.001293425375906954,-0.42187778480772314,-0.3327876131423823,-0.0024932560477775242,-0.08909017166534083,0.28425491886201076
2018-11-20,-0.005310833810289217,0.004060446704877624,0.0028192200049957,-0.006604259186196171,-0.4178173381028455,-0.32996839313738663,0.001241226699881924,-0.08784894496545886,0.31597356539924226
2018-11-21,-4.115509110771279e-05,0.0006264258168416599,-0.0018932905205505,-0.0066454142773038835,-0.41719091228600386,-0.3318616836579371,0.0025197163373921598,-0.08532922862806674,0.37720093883155303
2018-11-22,0.009668345954182278,-0.03847361467774972,-0.0280824539507931,0.003022931676878395,-0.4556645269637536,-0.35994413760873023,-0.01039116072695662,-0.09572038935502336,0.33538334815882825
2018-11-23,-0.002254383969940006,-0.006012581758670524,-0.001543420486384,0.000768547706938389,-0.4616771087224241,-0.36148755809511424,-0.004469161272286524,-0.10018955062730989,0.3952453766074698
2018-11-26,-0.0005212487081952478,0.0066635586835874306,0.0008345788268434,0.0002472989987431412,-0.4550135500388367,-0.36065297926827083,0.0058289798567440305,-0.09436057077056587,0.4702948429201905
2018-11-27,0.0034805849797317798,0.014175876508991218,0.0109955202231489,0.003727883978474921,-0.4408376735298455,-0.3496574590451219,0.0031803562858423173,-0.09118021448472358,0.40566836625797686
2018-11-28,0.007355705291050585,-0.02023772853393854,-0.0155315057162431,0.011083589269525506,-0.461075402063784,-0.36518896476136503,-0.004706222817695439,-0.09588643730241897,0.4136170233290565
2018-11-29,0.0015056021308032337,0.009259559303827464,0.0080501697816002,0.012589191400328738,-0.45181584275995657,-0.3571387949797648,0.0012093895222272631,-0.09467704778019176,0.35979207922454665
2018-11-30,-0.0033720318796846603,0.03108756752412451,0.0269509327204435,0.009217159520644079,-0.42072827523583206,-0.3301878622593213,0.004136634803681011,-0.09054041297651078,0.4199716807338089
2018-12-03,-0.0019794131420634432,0.006430226887886386,0.003812566275892,0.007237746378580635,-0.4142980483479457,-0.3263752959834293,0.0026176606119943857,-0.08792275236451641,0.4868445884164489
2018-12-04,0.005187097102549133,-0.004759471133541501,-0.0056868982421553,0.01242484348112977,-0.41905751948148723,-0.3320621942255846,0.0009274271086137991,-0.08699532525590264,0.46776923943244525
2018-12-05,-0.00038858924058186633,-0.01967968718969817,-0.0188913875798141,0.012036254240547902,-0.4387372066711854,-0.3509535818053987,-0.000788299609884073,-0.08778362486578667,0.37852104496719013
2018-12-06,0.0006367674209862836,-0.0002650615269773872,0.0001491452519181,0.012673021661534186,-0.43900226819816274,-0.3508044365534806,-0.00041420677889548725,-0.08819783164468215,0.37743797128830964
2018-12-07,0.0030532205594001795,-0.01109481765251005,-0.0101285521464814,0.015726242220934366,-0.45009708585067276,-0.360932988699962,-0.0009662655060286487,-0.08916409715071077,0.3724750013127596
2018-12-10,-0.00023923369249230188,0.008662889906009063,0.0049654489685917,0.015487008528442064,-0.4414341959446637,-0.3559675397313703,0.003697440937417363,-0.08546665621329341,0.3665362041165587
2018-12-11,0.00039350095796761894,0.00043619993901461657,0.0027059892160177,0.015880509486409684,-0.4409979960056491,-0.3532615505153526,-0.0022697892770030836,-0.08773644549029652,0.40017416190315686
2018-12-12,0.00470538288738278,0.012542359183719693,0.0117015542199434,0.020585892373792464,-0.4284556368219294,-0.3415599962954092,0.0008408049637762937,-0.08689564052652021,0.35520573215453305
2018-12-13,0.0044329280077155375,-0.023208479355371608,-0.0182765820040464,0.025018820381508003,-0.451664116177301,-0.3598365782994556,-0.004931897351325206,-0.09182753787784542,0.3712022155987306
2018-12-14,-0.0033045046116141627,-0.003252128467375098,-0.0004058690959196,0.02171431576989384,-0.4549162446446761,-0.3602424473953752,-0.0028462593714554977,-0.09467379724930092,0.41255999976965707
2018-12-17,0.0003695329781059326,-0.006048895514728218,-0.008459700141384,0.022083848747999773,-0.4609651401594043,-0.3687021475367592,0.0024108046266557827,-0.09226299262264515,0.3866871542512557
2018-12-18,-0.0015494181387289666,-0.014330921071766428,-0.0114361352025488,0.020534430609270807,-0.47529606123117074,-0.380138282739308,-0.002894785869217627,-0.09515777849186274,0.35128040575564445
2018-12-19,-0.0022018096019754247,0.0030136333416720946,-0.0040319698665915,0.018332621007295383,-0.47228242788949865,-0.3841702526058995,0.007045603208263595,-0.08811217528359916,0.32992361489776684
2018-12-20,-0.0017727581670690011,-0.008065425926853756,-0.0089866229206708,0.016559862840226383,-0.4803478538163524,-0.3931568755265703,0.0009211969938170434,-0.08719097828978212,0.3582115553578479
2018-12-21,-0.0007594059912035901,0.011017115089828167,0.0052826346676367,0.015800456849022794,-0.46933073872652425,-0.3878742408589336,0.005734480422191467,-0.08145649786759063,0.3563481623245441
2018-12-24,0.001380577896177652,-0.00810027340166741,-0.0081914009794857,0.017181034745200448,-0.47743101212819167,-0.3960656418384193,9.112757781829135e-05,-0.08136537028977237,0.44695007663410147
2018-12-25,-0.002446655400670479,-0.004383288459192182,-0.0031853605745479,0.01473437934452997,-0.48181430058738384,-0.3992510024129672,-0.0011979278846442815,-0.08256329817441665,0.3749353775551915
2018-12-26,0.005408543992132186,-0.011953130587857365,-0.0078737363569923,0.020142923336662157,-0.4937674311752412,-0.40712473876995947,-0.004079394230865065,-0.08664269240528172,0.3457116191927641
2018-12-27,-0.0009811904120268368,-0.0005007913299674626,0.0039871385502771,0.01916173292463532,-0.49426822250520863,-0.40313760021968237,-0.004487929880244563,-0.09113062228552626,0.36016575408496826
2018-12-28,-0.008897762595454323,-0.011172763538867793,-0.0117821535864534,0.010263970329180997,-0.5054409860440764,-0.41491975380613577,0.0006093900475856069,-0.09052123223794062,0.3573856333601755
2019-01-02,-0.006248699495790651,-0.012717420011501992,-0.0028565278061003,0.004015270833390347,-0.5181584060555784,-0.41777628161223607,-0.009860892205401692,-0.10038212444334232,0.32723088195319566
2019-01-03,-0.002523625981216626,0.021827660436264034,0.0219374339050034,0.0014916448521737208,-0.49633074561931434,-0.39583884770723266,-0.00010977346873936727,-0.10049189791208168,0.39856043784227735
2019-01-04,-0.0028944865493334957,0.01715208575266582,0.0096227727770837,-0.001402841697159775,-0.47917865986664854,-0.386216074930149,0.00752931297558212,-0.09296258493649956,0.3985481136645736
2019-01-07,-0.001512580201610421,-0.0026685198067880576,-0.0021642500604554,-0.002915421898770196,-0.4818471796734366,-0.3883803249906044,-0.0005042697463326575,-0.09346685468283222,0.4813835397421908
2019-01-08,-0.0006306460672483677,0.0030102773286436887,0.0065767205552051,-0.0035460679660185637,-0.4788369023447929,-0.3818036044353993,-0.0035664432265614114,-0.09703329790939363,0.4476022090755923
2019-01-09,-0.000625913948812393,-0.0022635860642679045,-0.0039217852003664,-0.004171981914830957,-0.48110048840906083,-0.3857253896357657,0.0016581991360984957,-0.09537509877329514,0.35545539289951567
2019-01-10,-0.0025963615703179193,0.006961268665352556,0.006835418054229,-0.0067683434851488755,-0.47413921974370826,-0.3788899715815367,0.00012585061112355567,-0.09524924816217156,0.35962703492029163
2019-01-11,-0.004771427488285107,-0.009735997358207562,-0.0073505336146019,-0.011539770973433982,-0.48387521710191583,-0.3862405051961386,-0.0023854637436056623,-0.09763471190577722,0.32774186121782944
2019-01-14,0.006355431740398742,0.015544037080052591,0.0138541509027997,-0.00518433923303524,-0.46833118002186325,-0.37238635429333894,0.001689886177252891,-0.09594482572852431,0.321175470546974
2019-01-15,2.97980761340609e-05,-0.000905537752124983,-0.0002564405276381,-0.005154541156901179,-0.46923671777398823,-0.37264279482097706,-0.000649097224486883,-0.09659392295301117,0.39199144543466097
2019-01-16,-0.0009331900848496287,-0.010084974211333865,-0.0056183320106499,-0.006087731241750808,-0.4793216919853221,-0.37826112683162694,-0.004466642200683965,-0.10106056515369516,0.36818685370085674
2019-01-17,0.007661760834544101,0.011464049339970783,0.013238311322704,0.001574029592793293,-0.4678576426453513,-0.36502281550892296,-0.001774261982733217,-0.10283482713642833,0.3465716025840738
2019-01-18,0.0035599752770135128,0.009057392818489893,0.0058912100137822,0.005134004869806806,-0.4588002498268614,-0.3591316054951408,0.003166182804707693,-0.09966864433172062,0.3252998087334571
2019-01-21,-0.0004637236576046865,-0.010157315386862402,-0.0121968115288609,0.004670281212202119,-0.4689575652137238,-0.37132841702400166,0.002039496141998498,-0.09762914818972213,0.3086452257839854
2019-01-22,0.00234900909929307,0.0026279260060896458,0.0008981509623474,0.007019290311495188,-0.46632963920763415,-0.37043026606165425,0.0017297750437422457,-0.0958993731459799,0.34606484759431444
2019-01-23,0.001824222980595338,0.0054784223297427315,0.0043607279317799,0.008843513292090526,-0.46085121687789143,-0.36606953812987436,0.0011176943979628318,-0.09478167874801707,0.3704277474145736
2019-01-24,0.00744950226509427,-0.003050410129408759,0.0029098062420202,0.016293015557184796,-0.4639016270073002,-0.36315973188785416,-0.005960216371428959,-0.10074189511944603,0.3474139211093663
2019-01-25,0.006998034588617653,-0.004233765200312159,-0.0024621611733707,0.023291050145802447,-0.46813539220761236,-0.3656218930612249,-0.0017716040269414586,-0.10251349914638747,0.3590867055234619
2019-01-28,0.00947811470968474,-0.013068186341215537,-0.0040050374112362,0.032769164855487184,-0.4812035785488279,-0.3696269304724611,-0.009063148929979337,-0.1115766480763668,0.3306255771250287
2019-01-29,0.004937718231635811,-0.01221768481136093,-0.0088748105896917,0.03770688308712299,-0.4934212633601888,-0.3785017410621528,-0.003342874221669229,-0.11491952229803604,0.3669456243226272
2019-01-30,0.01395105603738576,-0.00848308659378392,0.0017627153310517,0.05165793912450875,-0.5019043499539727,-0.3767390257311011,-0.01024580192483562,-0.12516532422287163,0.3458852700168595
2019-01-31,-0.0017160772372165907,0.02563943731126744,0.0164454144130792,0.04994186188729216,-0.47626491264270526,-0.36029361131802184,0.009194022898188239,-0.11597130132468342,0.33910128635079756
2019-02-01,-0.001907395507648186,0.026415738503771727,0.017391987787944,0.048034466379643974,-0.44984917413893355,-0.34290162353007786,0.009023750715827727,-0.10694755060885569,0.3920394685433003
2019-02-11,-0.00591277994527993,0.010030089527294317,0.0079233849464341,0.04212168643436404,-0.4398190846116392,-0.3349782385836438,0.0021067045808602167,-0.10484084602799543,0.3964988061279944
2019-02-12,0.0005645248949623937,0.018167118698462353,0.0178161629632656,0.042686211329326436,-0.4216519659131769,-0.3171620756203782,0.0003509557351967542,-0.1044898902927987,0.4972812674833808
2019-02-13,-0.002339073906589803,0.0034033079704254253,0.0012294734039953,0.040347137422736636,-0.41824865794275146,-0.31593260221638286,0.0021738345664301254,-0.1023160557263686,0.3303579265463771
2019-02-14,-0.008622460149927307,-0.008401461723136735,-0.0127143461934541,0.03172467727280933,-0.4266501196658882,-0.32864694840983694,0.004312884470317364,-0.09800317125605124,0.3239997524752186
2019-02-15,-0.0009424763667320262,0.03361204524448715,0.0296285103225211,0.030782200906077303,-0.39303807442140104,-0.2990184380873158,0.0039835349219660525,-0.09401963633408522,0.2553586266212004
2019-02-18,-0.009025442046520029,-0.0028579232001180385,0.0003060783742927,0.021756758859557274,-0.39589599762151906,-0.2987123597130231,-0.0031640015744107386,-0.09718363790849593,0.27416702074870064
2019-02-19,-0.0035134620593986242,-0.00031781454018863084,0.0026760232960936,0.01824329680015865,-0.3962138121617077,-0.2960363364169295,-0.002993837836282231,-0.1001774757447782,0.34246497060189457
2019-02-20,0.00047447999648929986,-0.0024437132258989347,-0.003407111890974,0.01871777679664795,-0.3986575253876066,-0.2994434483079035,0.0009633986650750652,-0.09921407707970314,0.28797682748014275
2019-02-21,-0.0030165030245700194,0.01957635521101026,0.0191276872797856,0.01570127377207793,-0.37908117017659637,-0.2803157610281179,0.00044866793122466317,-0.09876540914847848,0.3305659318000817
2019-02-22,-0.004835139588913465,0.04664222138267676,0.0543796976081246,0.010866134183164466,-0.3324389487939196,-0.22593606341999328,-0.007737476225447834,-0.10650288537392633,0.3175304080386178
2019-02-25,-0.0038499612071980645,-0.004541768217308944,-0.0080396762078166,0.007016172975966401,-0.33698071701122856,-0.23397573962780988,0.0034979079905076557,-0.10300497738341868,0.35061987337509115
2019-02-26,-0.00403695844331234,-0.005580431147749647,-0.0001560870922231,0.0029792145326540606,-0.3425611481589782,-0.23413182672003297,-0.005424344055526547,-0.10842932143894524,0.3021348105118189
2019-02-27,0.00752352835697824,0.010159722590829576,-0.0022163034529464,0.0105027428896323,-0.3324014255681486,-0.23634813017297937,0.012376026043775976,-0.09605329539516924,0.3081636767166316
2019-02-28,-0.002417252300115003,0.004170099435313372,0.0158306749967308,0.008085490589517297,-0.32823132613283523,-0.22051745517624857,-0.01166057556141743,-0.10771387095658666,0.31179096394722394
2019-03-01,-0.003707644414151988,0.01626872706676721,0.013551427585616,0.0043778461753653086,-0.31196259906606805,-0.20696602759063257,0.0027172994811512103,-0.10499657147543548,0.2994216828063328
2019-03-04,-0.009549678151283065,0.02078752835633125,0.0119143139613689,-0.005171831975917756,-0.2911750707097368,-0.19505171362926366,0.008873214394962348,-0.09612335708047315,0.3058610659448819
2019-03-05,-0.010305092842630915,0.012966617910069892,0.0133798988578763,-0.015476924818548671,-0.27820845279966694,-0.18167181477138736,-0.00041328094780640826,-0.09653663802827958,0.37257605735862726
2019-03-06,-0.012143309859929794,0.006352882446943388,-0.0008832669381295,-0.027620234678478465,-0.27185557035272356,-0.18255508170951687,0.007236149385072888,-0.0893004886432067,0.3676311270693496
2019-03-07,0.011419262807558327,-0.037870926007660496,-0.0426703885659484,-0.016200971870920136,-0.3097264963603841,-0.22522547027546527,0.004799462558287906,-0.0845010260849188,0.3459601093617654
2019-03-08,0.0010508469283363271,0.04184185138903037,0.0256992769932573,-0.015150124942583809,-0.2678846449713537,-0.19952619328220797,0.01614257439577307,-0.06835845168914575,0.3220941805758443
2019-03-11,-0.0017736952116095318,0.016122644032904643,0.0121273175554188,-0.01692382015419334,-0.2517620009384491,-0.18739887572678918,0.003995326477485843,-0.0643631252116599,0.3395774009092138
2019-03-12,0.00032641759727638933,-0.020009631650082436,-0.0146904640296736,-0.01659740255691695,-0.27177163258853154,-0.2020893397564628,-0.005319167620408835,-0.06968229283206875,0.30644264063067866
2019-03-13,0.00885914911004216,-0.02152270892259451,-0.0150706703732879,-0.007738253446874791,-0.29329434151112604,-0.2171600101297507,-0.006452038549306609,-0.07613433138137535,0.29311768615599215
2019-03-14,-0.0006752806929445111,0.014363085357227042,0.0115257914182647,-0.008413534139819302,-0.278931256153899,-0.205634218711486,0.002837293938962343,-0.07329703744241303,0.35350314542084516
2019-03-15,0.0028436821397239192,0.026281351658418998,0.0244443210595683,-0.005569852000095383,-0.25264990449548,-0.18118989765191768,0.0018370305988506981,-0.07146000684356235,0.3960666279025142
2019-03-18,0.0008937052506265181,0.0032583263960117835,-0.0010386005151526,-0.0046761467494688645,-0.24939157809946824,-0.18222849816707026,0.004296926911164383,-0.06716307993239798,0.41663812523444266
2019-03-19,-0.0034977104756094748,-0.002646861824933898,-0.0014302175232411,-0.00817385722507834,-0.2520384399244021,-0.18365871569031136,-0.001216644301692798,-0.06837972423409075,0.36522116793673576
2019-03-20,-0.0048603027097365884,0.006928936663822273,0.0042465819751163,-0.013034159934814927,-0.24510950326057984,-0.17941213371519507,0.002682354688705973,-0.06569736954538477,0.4039453956494265
2019-03-21,0.001394013343975999,0.005033379766740142,0.0008862142403085,-0.011640146590838927,-0.2400761234938397,-0.17852591947488658,0.004147165526431642,-0.061550204018953114,0.38417276469569434
2019-03-22,0.0027905211929996902,-0.008167507479784375,-0.0187560191244772,-0.008849625397839237,-0.24824363097362406,-0.19728193859936377,0.010588511644692827,-0.05096169237426029,0.37405844034594943
2019-03-25,0.006366792453087416,-0.02183059497357495,-0.0173685418408224,-0.002482832944751821,-0.270074225947199,-0.21465048044018617,-0.0044620531327525526,-0.05542374550701282,0.3365716221353129
2019-03-26,0.0022066195087076194,0.009833640954858853,0.008821149037225,-0.0002762134360442016,-0.26024058499234015,-0.20582933140296117,0.0010124919176338534,-0.05441125358937898,0.37448203671019237
2019-03-27,0.0055108699159328485,-0.00988034478520568,-0.0091615984868105,0.005234656479888647,-0.2701209297775458,-0.21499092988977167,-0.0007187462983951794,-0.055129999887774145,0.40701535457202226
2019-03-28,-4.741226763204823e-05,0.026555937801030934,0.0317806755048708,0.005187244212256598,-0.24356499197651488,-0.18321025438490088,-0.005224737703839865,-0.060354737591614,0.39333906576135064
2019-03-29,-0.0016174237518487517,0.03312669283527148,0.0289157997092267,0.003569820460407847,-0.2104382991412434,-0.15429445467567418,0.0042108931260447825,-0.05614384446556922,0.4377724403791185
2019-04-01,-0.004095557539996983,0.0015626531216395181,0.0009959600555372,-0.0005257370795891366,-0.20887564601960387,-0.15329849462013698,0.0005666930661023181,-0.055577151399466895,0.4774541578825916
2019-04-02,-0.0004470274949666668,0.007349206092537097,0.0110267405212969,-0.0009727645745558034,-0.20152643992706679,-0.14227175409884008,-0.0036775344287598025,-0.05925468582822671,0.44556745994905306
2019-04-03,-0.004782964644504658,-0.0002899879865525004,0.008141213873208,-0.005755729219060461,-0.20181642791361928,-0.1341305402256321,-0.0084312018597605,-0.0676858876879872,0.42189042869800236
2019-04-04,-0.00844948627934553,-0.00942783475938319,-0.0024391107796338,-0.01420521549840599,-0.21124426267300248,-0.13656965100526589,-0.00698872397974939,-0.07467461166773659,0.37266774022912147
2019-04-08,-0.000735346404320559,0.004132030282581461,0.0003726992506791,-0.01494056190272655,-0.207112232390421,-0.1361969517545868,0.003759331031902361,-0.07091528063583422,0.2952613117732619
2019-04-09,-0.003250180369976474,-0.0018409884234672198,-0.0007184468084606,-0.018190742272703023,-0.20895322081388823,-0.13691539856304738,-0.0011225416150066198,-0.07203782225084085,0.39557989278356676
2019-04-10,-0.0018618375367472242,-0.02135527286055126,-0.0184750303904839,-0.020052579809450247,-0.23030849367443948,-0.15539042895353128,-0.0028802424700673616,-0.0749180647209082,0.3661116431308336
2019-04-11,0.0029176441680300205,-0.0006863687659143589,-0.0011128331812969,-0.017134935641420226,-0.23099486244035383,-0.15650326213482818,0.00042646441538254107,-0.07449160030552565,0.3598837401773582
2019-04-12,0.0016504430116409327,-0.007237519723678859,-0.0043942915926193,-0.015484492629779294,-0.2382323821640327,-0.1608975537274475,-0.0028432281310595588,-0.0773348284365852,0.42413664435753684
2019-04-15,-0.003415441880259479,0.017493645217473236,0.0239294718738194,-0.018899934510038772,-0.22073873694655946,-0.13696808185362808,-0.006435826656346164,-0.08377065509293138,0.40246442685155476
2019-04-16,-0.0029063784110210478,0.005143826749993027,0.0038853379856564,-0.02180631292105982,-0.21559491019656643,-0.13308274386797167,0.0012584887643366269,-0.08251216632859476,0.45253144299044823
2019-04-17,-0.00033705983774138436,-0.006609981757855322,-0.0055073228442824,-0.022143372758801204,-0.22220489195442175,-0.13859006671225407,-0.0011026589135729216,-0.08361482524216768,0.4162812689728762
2019-04-18,-2.3276976585833237e-05,0.006449503753783227,0.0076283655031633,-0.022166649735387036,-0.21575538820063853,-0.1309617012090908,-0.0011788617493800726,-0.08479368699154774,0.4064180040957366
2019-04-19,-0.00034157735392206806,-0.01351180559746679,-0.0180000695962831,-0.022508227089309104,-0.2292671937981053,-0.14896177080537387,0.00448826399881631,-0.08030542299273144,0.4013331318644738
2019-04-22,0.0063242007425809085,-0.013794091781081283,-0.0080318118145202,-0.016184026346728195,-0.2430612855791866,-0.15699358261989407,-0.005762279966561083,-0.08606770295929253,0.36804424865813073
2019-04-23,-0.0036908561778772244,0.007522140936901195,0.0045080222664411,-0.019874882524605418,-0.2355391446422854,-0.15248556035345298,0.003014118670460095,-0.08305358428883242,0.37280028091792355
2019-04-24,0.008781981165608136,-0.03324386616260052,-0.0280942704751491,-0.011092901358997282,-0.2687830108048859,-0.18057983082860207,-0.005149595687451419,-0.08820317997628385,0.4683958356040914
2019-04-25,0.005308842257883469,-0.009666887012824131,-0.0121585900042967,-0.005784059101113813,-0.27844989781771007,-0.19273842083289877,0.002491702991472569,-0.0857114769848113,0.3946264088800741
2019-04-26,0.015322677037165042,-0.022720008668511912,-0.0115772168662027,0.009538617936051229,-0.301169906486222,-0.20431563769910147,-0.011142791802309213,-0.09685426878712053,0.4288188702105481
2019-04-29,0.002884788645889911,0.009074361364958636,0.0050932616760548,0.012423406581941139,-0.29209554512126334,-0.19922237602304665,0.003981099688903836,-0.09287316909821669,0.43239178714563614
2019-04-30,0.007918224595759369,-0.07239713424513657,-0.064093342963868,0.020341631177700506,-0.3644926793663999,-0.26331571898691464,-0.008303791281268569,-0.10117696037948526,0.4268977099032374
2019-05-06,0.0035807462927745,0.015463976864360697,0.0089177668984443,0.023922377470475008,-0.3490287025020392,-0.2543979520884703,0.006546209965916396,-0.09463075041356889,0.43565740215875826
2019-05-07,-0.004524139796952881,-0.003801896295326436,-0.0103870331575191,0.019398237673522126,-0.35283059879736567,-0.2647849852459894,0.006585136862192665,-0.08804561355137625,0.48606840104147475
2019-05-08,-0.0011205513728150122,-0.01177694655988458,-0.0146547341273532,0.018277686300707113,-0.36460754535725026,-0.2794397193733426,0.0028777875674686204,-0.08516782598390765,0.5219712890210734
2019-05-09,-0.005000860715298052,0.032551004858540636,0.0322000483882132,0.01327682558540906,-0.33205654049870964,-0.24723967098512942,0.0003509564703274362,-0.08481686951358022,0.43756386424535093
2019-05-10,0.004608742406354538,-0.004797163772167766,-0.0126920457542893,0.0178855679917636,-0.3368537042708774,-0.25993171673941873,0.007894881982121535,-0.07692198753145868,0.462127689787117
2019-05-13,0.0009590650938914328,-0.006461619919778091,-0.0066532250552092,0.01884463308565503,-0.3433153241906555,-0.26658494179462794,0.00019160513543110824,-0.07673038239602759,0.4927937184020902
2019-05-14,-0.003017084436543553,0.02078215169099032,0.020180561134738,0.015827548649111477,-0.3225331724996652,-0.24640438065988993,0.0006015905562523176,-0.07612879183977525,0.44112728972566295
2019-05-15,0.002383604563047792,0.007034043761611927,0.0048089978119853,0.01821115321215927,-0.31549912873805325,-0.24159538284790463,0.0022250459496266275,-0.07390374589014861,0.4255135863991091
2019-05-16,0.005326218865479857,-0.03224942742779822,-0.0276743557739096,0.023537372077639125,-0.3477485561658515,-0.26926973862181425,-0.004575071653888617,-0.07847881754403724,0.4196448698822505
2019-05-17,0.0008054767243983065,-0.006424130338836872,-0.0048056236003285,0.024342848802037433,-0.35417268650468836,-0.27407536222214274,-0.001618506738508372,-0.08009732428254562,0.4223130351451201
2019-05-20,0.0008793329506688282,0.016015073016025994,0.0136267831841682,0.02522218175270626,-0.33815761348866236,-0.2604485790379745,0.0023882898318577945,-0.07770903445068783,0.5238277550544592
2019-05-21,0.001838804130703515,-0.003835957255160882,-0.0052865256056417,0.027060985883409775,-0.34199357074382325,-0.2657351046436162,0.0014505683504808181,-0.07625846610020703,0.3728589427537496
2019-05-22,0.005161927969599595,-0.021363188524043637,-0.0172275010022488,0.03222291385300937,-0.36335675926786687,-0.282962605645865,-0.0041356875217948355,-0.08039415362200186,0.391155623223654
2019-05-23,0.002302013427121023,-0.00642139114001617,-0.0018184180525393,0.034524927280130395,-0.36977815040788303,-0.2847810236984043,-0.00460297308747687,-0.08499712670947873,0.4127081341030625
2019-05-24,-0.005110809399115089,0.021215765939403476,0.0159544741699701,0.029414117881015306,-0.34856238446847954,-0.2688265495284342,0.005261291769433376,-0.07973583494004532,0.4925454060322425
2019-05-27,0.0032931471300063093,0.0034044584703221917,0.0055905938973755,0.03270726501102161,-0.34515792599815737,-0.2632359556310587,-0.002186135427053308,-0.08192197036709864,0.4592209758587124
2019-05-28,-0.0031843542445262247,0.0007195065887144158,-0.0001318123491041,0.029522910766495387,-0.344438419409443,-0.2633677679801628,0.0008513189378185158,-0.08107065142928016,0.4228305275669228
2019-05-29,0.0035599042505491257,-0.006082690883565497,-0.0047507204051585,0.03308281501704451,-0.3505211102930085,-0.2681184883853213,-0.0013319704784069972,-0.08240262190768716,0.40979433893782763
2019-05-30,0.003050996974443093,0.00015577562892420772,-0.0027133696800896,0.03613381199148761,-0.35036533466408426,-0.27083185806541094,0.0028691453090138076,-0.07953347659867332,0.44500087851146997
2019-05-31,0.004831642007335167,-0.01023065621691277,-0.0041436045631774,0.04096545399882277,-0.36059599088099703,-0.27497546262858835,-0.00608705165373537,-0.08562052825240868,0.4193684800317292
2019-06-03,0.0029864237168595294,-0.014495089204489837,-0.0101970397921408,0.043951877715682305,-0.37509108008548686,-0.28517250242072917,-0.004298049412349037,-0.08991857766475769,0.34310848893209717
2019-06-04,-0.0004719732982413548,-0.0009813929720100334,0.0003002392956292,0.04347990441744095,-0.3760724730574969,-0.28487226312509994,-0.0012816322676392335,-0.09120020993239697,0.4353961752620838
2019-06-05,0.0033291441916826897,-0.021810822786225897,-0.0146210058285978,0.04680904860912364,-0.39788329584372284,-0.29949326895369777,-0.007189816957628098,-0.09839002689002507,0.36738816764879567
2019-06-06,0.0052730772410815524,0.013689039648512754,0.0103155664203442,0.05208212585020519,-0.3841942561952101,-0.28917770253335356,0.0033734732281685536,-0.09501655366185652,0.4160635900761428
2019-06-10,-0.000913415128644705,0.03295544312140946,0.0281249045861766,0.051168710721560484,-0.3512388130738006,-0.26105279794717695,0.00483053853523286,-0.09018601512662366,0.43297330255113287
2019-06-11,-0.0034208982283206913,-0.006271405832089494,-0.0066178768764574,0.04774781249323979,-0.35751021890589013,-0.2676706748236343,0.0003464710443679053,-0.0898395440822558,0.4918852358637799
2019-06-12,-0.0052901198021690025,0.0025537982620738196,0.0007160015893938,0.04245769269107079,-0.35495642064381633,-0.26695467323424055,0.0018377966726800196,-0.08800174740957578,0.48548297834102916
2019-06-13,0.006048488126224599,-0.0176687892471396,-0.0120764048378169,0.04850618081729539,-0.37262520989095593,-0.27903107807205746,-0.005592384409322701,-0.09359413181889847,0.3547184368489422
2019-06-14,-0.004597480833752813,-0.0014588402440948913,0.0004952430192169,0.043908699983542576,-0.3740840501350508,-0.2785358350528406,-0.0019540832633117913,-0.09554821508221023,0.333815346804789
2019-06-17,0.0004853627961838845,-0.0017168466175169162,0.0012233876349699,0.04439406277972646,-0.3758008967525677,-0.2773124474178707,-0.002940234252486816,-0.09848844933469703,0.3364677661745361
2019-06-18,0.0016800241476213418,0.015171623065251397,0.0129107336755395,0.0460740869273478,-0.36062927368731634,-0.2644017137423312,0.0022608893897118967,-0.09622755994498516,0.3760744015793501
2019-06-19,0.002662897266285173,0.017880511857114745,0.022216386380719,0.048736984193632975,-0.3427487618302016,-0.2421853273616122,-0.004335874523604254,-0.1005634344685894,0.4775787767152128
2019-06-20,-0.005522542748716464,0.013722475082273956,0.0063248612931802,0.04321444144491651,-0.3290262867479276,-0.235860466068432,0.007397613789093756,-0.09316582067949561,0.38777285972551406
2019-06-21,0.0024206921856370937,0.0004575410920187789,0.0011094565069221,0.045635133630553604,-0.3285687456559088,-0.2347510095615099,-0.0006519154149033211,-0.09381773609439892,0.39546235558796405
2019-06-24,0.004042173901049327,-0.008037738190158532,-0.0096392349402953,0.04967730753160293,-0.33660648384606734,-0.24439024450180521,0.0016014967501367678,-0.09221623934426212,0.4745774102218773
2019-06-25,0.0057463167672187005,0.003950929220587378,-0.0014773522341867,0.05542362429882163,-0.33265555462547997,-0.24586759673599193,0.005428281454774078,-0.08678795788948804,0.3570134102558608
2019-06-26,0.004047127424351558,0.010794880747647902,0.0085216674630804,0.05947075172317319,-0.32186067387783207,-0.23734592927291154,0.002273213284567501,-0.08451474460492053,0.3508842082642766
2019-06-27,0.006463283339857491,-0.00942295011289258,-0.0063583437937603,0.06593403506303068,-0.33128362399072464,-0.24370427306667183,-0.0030646063191322797,-0.0875793509240528,0.38416801642972886
2019-06-28,0.0033352044858404413,0.03108142630390378,0.0251038724828797,0.06926923954887113,-0.3002021976868209,-0.21860040058379213,0.005977553821024079,-0.08160179710302876,0.36621360359103866
2019-07-01,0.0034844877541398422,0.002119309121659239,-2.532280264156252e-05,0.07275372730301097,-0.29808288856516163,-0.21862572338643368,0.0021446319243008014,-0.07945716517872795,0.35725598857126134
2019-07-02,-0.0054212194622038756,-0.014665969391661047,-0.0087718346811965,0.06733250784080709,-0.31274885795682267,-0.22739755806763018,-0.005894134710464547,-0.08535129988919249,0.38091554198256156
2019-07-03,0.0018247083324782279,-0.005534401548599007,-0.0041371217392383,0.06915721617328532,-0.3182832595054217,-0.23153467980686848,-0.0013972798093607073,-0.08674857969855321,0.3502510276845905
2019-07-04,0.0020282977532156523,0.0053867128500555556,0.0027945898737312,0.07118551392650098,-0.31289654665536615,-0.22874008993313727,0.0025921229763243557,-0.08415645672222888,0.3677389256012853
2019-07-05,0.003144926666278986,-0.03234902359482743,-0.0264926391149647,0.07433044059277996,-0.3452455702501936,-0.25523272904810196,-0.005856384479862729,-0.09001284120209163,0.34396964100815436
2019-07-08,-0.0005836086866425809,0.0025752927243667765,-0.0007501997292601,0.07374683190613739,-0.3426702775258268,-0.25598292877736206,0.0033254924536268767,-0.08668734874846473,0.37023090745162845
2019-07-09,0.001496819427581264,-0.005401714824160013,-0.0049075456920974,0.07524365133371864,-0.3480719923499868,-0.26089047446945945,-0.0004941691320626126,-0.08718151788052736,0.467393348220229
2019-07-10,0.0007586472675571338,0.0004507530613006386,0.0006340203771346,0.07600229860127578,-0.34762123928868616,-0.26025645409232484,-0.00018326731583396145,-0.08736478519636132,0.3785441410492441
2019-07-11,0.0018498235065106628,0.003398270970123078,0.0059906389552443,0.07785212210778644,-0.3442229683185631,-0.2542658151370805,-0.002592367985121222,-0.08995715318148256,0.40527911614904105
2019-07-12,-0.0010196542888478658,0.007474386476384835,0.0055077195555428,0.07683246781893857,-0.33674858184217826,-0.24875809558153772,0.001966666920842035,-0.08799048626064054,0.34933567026307616
2019-07-15,-0.00288550502424589,-0.00046563213943378,-0.0014684577890466,0.07394696279469268,-0.33721421398161205,-0.2502265533705843,0.00100282564961282,-0.08698766061102775,0.38243294077039314
2019-07-16,-0.00235853473765486,-0.0017354596741697254,-0.0008350347651256,0.07158842805703781,-0.33894967365578177,-0.2510615881357099,-0.0009004249090441254,-0.08788808552007188,0.4573536581334045
2019-07-17,0.00038173029134568124,-0.017922391152733315,-0.011318673644074,0.0719701583483835,-0.3568720648085151,-0.2623802617797839,-0.006603717508659315,-0.09449180302873117,0.42343190479996407
2019-07-18,0.0014902908136626275,0.005686406849985192,0.0080696156983001,0.07346044916204612,-0.3511856579585299,-0.2543106460814838,-0.0023832088483149083,-0.09687501187704611,0.37966492213522396
2019-07-19,0.0034089194590435257,-0.023663088377478946,-0.0134186293568614,0.07686936862108965,-0.37484874633600884,-0.2677292754383452,-0.010244459020617547,-0.10711947089766366,0.371789298923867
2019-07-22,0.0001511996357744481,0.011661125024931112,0.0059722725832454,0.0770205682568641,-0.36318762131107774,-0.2617570028550998,0.005688852441685713,-0.10143061845597795,0.3316966830953289
2019-07-23,0.0004237244687860705,0.012482321209231192,0.0090516902916903,0.07744429272565016,-0.35070530010184653,-0.2527053125634095,0.0034306309175408927,-0.09799998753843703,0.4475935458451202
2019-07-24,0.0011285728316498746,0.004913143540719867,0.0052382761029249,0.07857286555730003,-0.34579215656112666,-0.2474670364604846,-0.0003251325622050331,-0.09832512010064207,0.3945582927059175
2019-07-25,0.004332769105948407,0.003349602567155257,0.0013741817259798,0.08290563466324843,-0.3424425539939714,-0.2460928547345048,0.001975420841175457,-0.0963496992594666,0.36141293003898384
2019-07-26,0.001547880007522765,0.0012183403723890838,-0.0007776909861013,0.0844535146707712,-0.3412242136215823,-0.2468705457206061,0.0019960313584903838,-0.09435366790097618,0.4086964536507633
2019-07-29,0.0007128578325004172,0.004887621580089688,0.0043107022622238,0.08516637250327161,-0.3363365920414926,-0.2425598434583823,0.0005769193178658876,-0.09377674858311028,0.2977684523395291
2019-07-30,0.0029769504889343634,-0.004337213384697478,-0.0070214188614364,0.08814332299220597,-0.3406738054261901,-0.2495812623198187,0.002684205476738922,-0.09109254310637138,0.3294067682247034
2019-07-31,-0.0010810580251501105,-0.0053149713229280375,-0.007148519301761,0.08706226496705585,-0.3459887767491181,-0.2567297816215797,0.0018335479788329622,-0.08925899512753838,0.3063849403364827
2019-08-01,0.005351521141771728,-0.012027158111485598,-0.014864137074213,0.09241378610882758,-0.3580159348606037,-0.27159391869579275,0.0028369789627274017,-0.08642201616481093,0.3288715862674543
2019-08-02,-0.0028063443169403677,-0.014745092791594604,-0.0162535993097497,0.08960744179188722,-0.37276102765219826,-0.2878475180055424,0.001508506518155095,-0.08491350964665584,0.36258219913294315
2019-08-05,0.009673404459498039,-0.018679641090292434,-0.0164958133832842,0.09928084625138525,-0.39144066874249067,-0.30434333138882663,-0.0021838277070082325,-0.08709733735366404,0.3427114129935002
2019-08-06,0.0011814535959238184,-0.0027895325427063013,-0.003760972526929,0.10046229984730908,-0.394230201285197,-0.3081043039157556,0.0009714399842226987,-0.08612589736944137,0.35968501788377927
2019-08-07,3.1119259899028e-05,0.007970887525085502,0.0097574436155389,0.1004934191072081,-0.38625931376011147,-0.29834686030021673,-0.0017865560904533982,-0.08791245345989473,0.3548091591840834
2019-08-08,0.0005557171722970614,-0.010415726313549357,-0.0085564940562342,0.10104913627950517,-0.39667504007366083,-0.30690335435645094,-0.0018592322573151576,-0.08977168571720989,0.35048478619417983
2019-08-09,0.002008953253252024,0.019730013412458634,0.0157441059917423,0.10305808953275719,-0.3769450266612022,-0.29115924836470863,0.003985907420716334,-0.08578577829649359,0.39080591792652136
2019-08-12,-0.0006296476393219077,-0.0056448477917987305,-0.0069956035420279,0.10242844189343528,-0.38258987445300097,-0.2981548519067365,0.00135075575022917,-0.08443502254626445,0.43916183940184944
2019-08-13,-0.0003541854943923861,0.006134122414006375,0.0047523215001223,0.1020742563990429,-0.3764557520389946,-0.29340253040661424,0.001381800913884075,-0.08305322163238038,0.4112163010347699
2019-08-14,-8.912347380112097e-05,0.004640700104753096,0.0032629898295355,0.10198513292524178,-0.3718150519342415,-0.29013954057707875,0.001377710275217596,-0.08167551135716278,0.3731175015463905
2019-08-15,0.0026774057162251056,0.006641366683809158,0.0034531074878289,0.10466253864146688,-0.36517368525043237,-0.28668643308924985,0.0031882591959802578,-0.07848725216118252,0.3584693119537945
2019-08-16,-0.0006680537071947854,0.029413523568388424,0.0228493829868133,0.10399448493427209,-0.3357601616820439,-0.2638370501024365,0.006564140581575124,-0.0719231115796074,0.36366510021767495
2019-08-19,-0.0039868440317518015,-0.0006572787103635062,-0.0007152651295374,0.10000764090252029,-0.33641744039240745,-0.2645523152319739,5.7986419173893834e-05,-0.07186512516043353,0.3472835664481033
2019-08-20,0.00036947944497201966,0.0010818786446725208,-0.0002816222109887,0.10037712034749231,-0.33533556174773493,-0.26483393744296263,0.0013635008556612208,-0.0705016243047723,0.3744823762073863
2019-08-21,-0.0018574480066383824,0.0027515095410327807,0.001633147766652,0.09851967234085393,-0.3325840522067022,-0.2632007896763106,0.0011183617743807806,-0.06938326253039157,0.35453311873038257
2019-08-22,-0.0012396893019971846,-0.0011764124423750304,0.0033793314903308,0.09727998303885675,-0.3337604646490772,-0.2598214581859798,-0.00455574393270583,-0.07393900646309742,0.3421437164280698
2019-08-23,-0.0012075106541885791,-0.007506058760243944,-0.0107685680576831,0.09607247238466818,-0.3412665234093212,-0.2705900262436629,0.003262509297439157,-0.07067649716565827,0.3225131835574194
2019-08-26,-0.003727891191262065,0.01548078615685376,0.0145304372334204,0.09234458119340612,-0.3257857372524674,-0.2560595890102425,0.0009503489234333612,-0.0697261482422249,0.3783325562109076
2019-08-27,-0.0009538381771195164,-0.001872011134837562,-0.0030863154600817,0.09139074301628661,-0.32765774838730494,-0.2591459044703242,0.0012143043252441379,-0.06851184391698073,0.338519658462539
2019-08-28,-0.0015476927444531708,-0.0001817610883771069,-0.001414086717042,0.08984305027183344,-0.327839509475682,-0.2605599911873662,0.001232325628664893,-0.0672795182883158,0.35992575422414363
2019-08-29,0.009756756442772532,-0.005543294512817943,-0.0039358913738441,0.09959980671460597,-0.33338280398849995,-0.2644958825612103,-0.0016074031389738432,-0.06888692142728964,0.3632783394379997
2019-08-30,-0.0031233460471302627,0.02023860268105491,0.0153533390510022,0.09647646066747571,-0.313144201307445,-0.24914254351020812,0.004885263630052709,-0.0640016577972369,0.3240928212941869
2019-09-02,-0.0014164593595236675,0.004665801789136758,0.0031454121912061,0.09506000130795204,-0.30847839951830824,-0.24599713131900203,0.0015203895979306581,-0.06248126819930622,0.3640476779466273
2019-09-03,-0.0027221915654858683,0.003893639283213265,0.0089425186100308,0.09233780974246618,-0.30458476023509495,-0.2370546127089712,-0.005048879326817536,-0.06753014752612374,0.3875372245717217
2019-09-04,-0.001781251179240103,0.007906225457741488,0.0093081368425427,0.09055655856322607,-0.29667853477735345,-0.22774647586642852,-0.0014019113848012122,-0.06893205891092494,0.34804777193911624
2019-09-05,0.004184015659252112,0.00575066112725146,0.0043773904770668,0.09474057422247818,-0.290927873650102,-0.2233690853893617,0.0013732706501846598,-0.06755878826074027,0.37311746171019644
2019-09-06,-0.0005140181343353752,0.020757851866229395,0.0110787287907141,0.0942265560881428,-0.27017002178387256,-0.21229035659864762,0.009679123075515295,-0.05787966518522494,0.42073956415457175
2019-09-09,-0.001555800379302066,-0.00018987900903474033,-0.0017753691049116,0.09267075570884073,-0.2703599007929073,-0.21406572570355922,0.0015854900958768596,-0.05629417508934806,0.37365295586349806
2019-09-10,0.0037502652948635685,-0.007899631287742561,-0.0051386714178541,0.0964210210037043,-0.27825953208064985,-0.21920439712141332,-0.002760959869888461,-0.05905513495923653,0.3408038930348495
2019-09-11,4.668327082166156e-05,0.006919230618331172,0.0068080741613192,0.09646770427452596,-0.2713403014623187,-0.2123963229600941,0.00011115645701197194,-0.058943978502224575,0.3251731626053336
2019-09-12,0.0006387830635447226,0.003346851500863073,-0.0001504411195609,0.09710648733807069,-0.26799344996145563,-0.212546764079655,0.003497292620423973,-0.05544668588180063,0.32795329318953653
2019-09-16,0.003751623109687269,-0.01951571218635163,-0.0182574066341475,0.10085811044775796,-0.28750916214780725,-0.2308041707138025,-0.0012583055522041309,-0.05670499143400476,0.3576140743710868
2019-09-17,0.004232055306869022,0.005953512758626143,0.0021404972263647,0.10509016575462699,-0.2815556493891811,-0.2286636734874378,0.003813015532261443,-0.0528919759017433,0.3302004214295595
2019-09-18,0.0011731237238937423,0.010866953999844255,0.005867524825609,0.10626328947852073,-0.2706886953893368,-0.22279614866182879,0.004999429174235254,-0.047892546727508034,0.4096445050244338
2019-09-19,-0.00037979203858559945,0.0018630924924396412,0.0021868905021832,0.10588349743993514,-0.26882560289689716,-0.22060925815964558,-0.00032379800974355875,-0.04821634473725159,0.389941426474512
2019-09-20,-0.0017004816385174212,-0.008660637339754152,-0.0099539017118717,0.10418301580141771,-0.2774862402366513,-0.23056315987151726,0.0012932643721175474,-0.04692308036513404,0.40141335383146765
2019-09-23,0.003984418267196633,0.005703237104225594,0.0022805587864175,0.10816743406861434,-0.2717830031324257,-0.22828260108509976,0.0034226783178080943,-0.04350040204732594,0.34397516544128953
2019-09-24,0.004710878396246325,-0.016267682807650636,-0.0116868330318336,0.11287831246486067,-0.2880506859400763,-0.23996943411693336,-0.004580849775817035,-0.04808125182314296,0.33242054700885726
2019-09-25,0.007173287784677877,-0.023657129736282735,-0.0137195685600183,0.12005160024953855,-0.3117078156763591,-0.25368900267695166,-0.009937561176264435,-0.05801881299940742,0.3793647925854708
2019-09-26,-0.0023901519894968352,0.006804406553856291,0.00357064854609,0.11766144826004171,-0.3049034091225028,-0.25011835413086164,0.0032337580077662913,-0.05478505499164116,0.34928480789651495
2019-09-27,0.0024715510623834753,-0.008987995224908606,-0.009799211379862,0.12013299932242519,-0.3138914043474114,-0.25991756551072365,0.0008112161549533939,-0.05397383883668777,0.4517585144401141
2019-09-30,6.895208779901834e-05,0.0005706523748469649,0.0029397057947559,0.1202019514102242,-0.3133207519725644,-0.25697785971596776,-0.002369053419908935,-0.056342892256596666,0.3963188131402605
2019-10-08,-0.0022862148518696846,0.005831818076381461,0.0047585211133725,0.11791573655835452,-0.307488933896183,-0.25221933860259527,0.0010732969630089613,-0.055269595293587714,0.4062846096230565
2019-10-09,-0.00186044665190931,0.0131977558517564,0.0095599653174757,0.11605528990644522,-0.29429117804442656,-0.24265937328511958,0.0036377905342806997,-0.05163180475930698,0.4272742364402028
2019-10-10,-0.001910534546107496,0.001014203160674332,0.0070422060370176,0.11414475536033772,-0.2932769748837522,-0.23561716724810197,-0.006028002876343268,-0.057659807635650234,0.4158224695196934
2019-10-11,-0.0032976468917443047,0.012541930229975235,0.0121976383994122,0.11084710846859341,-0.28073504465377697,-0.22341952884868976,0.00034429183056303506,-0.0573155158050872,0.5008506870880863
2019-10-14,-0.0003153460705018525,-0.011172474638765605,-0.0072456442893855,0.11053176239809157,-0.29190751929254255,-0.23066517313807527,-0.003926830349380105,-0.061242346154467275,0.3571861676087747
2019-10-15,0.002195332126170726,-0.005941363614937645,-0.0041725906644979,0.11272709452426229,-0.2978488829074802,-0.23483776380257318,-0.0017687729504397452,-0.063011119104907,0.38801454659500473
2019-10-16,0.0027591551656032543,0.0014260506938265536,-4.909195908094479e-05,0.11548624968986554,-0.2964228322136536,-0.23488685576165413,0.0014751426529074985,-0.061535976451999486,0.3286368144139453
2019-10-17,0.001513735778715381,-0.010791544811826276,-0.0127693919484936,0.11699998546858092,-0.3072143770254799,-0.24765624771014774,0.001977847136667323,-0.05955812931533214,0.3117333931094817
2019-10-18,-0.0016063829542863203,-0.005750982303524243,0.0012430251199828,0.1153936025142946,-0.3129653593290041,-0.24641322259016493,-0.006994007423507043,-0.06655213673883917,0.33385639816962764
2019-10-21,-0.0017432071884622184,0.01058260637977013,0.0061781057422775,0.11365039532583239,-0.30238275294923395,-0.24023511684788743,0.00440450063749263,-0.06214763610134652,0.33546705728102955
2019-10-22,-0.0008133978942917292,-0.007845952908588097,-0.0052665686975749,0.11283699743154066,-0.31022870585782203,-0.2455016855454623,-0.002579384211013197,-0.06472702031235972,0.3521813267330178
2019-10-23,0.0004627896446993522,-0.0019045334070905537,-0.0004135939187166,0.11329978707624001,-0.3121332392649126,-0.2459152794641789,-0.0014909394883739536,-0.0662179598007337,0.3843268683294192
2019-10-24,-0.0004483923803001212,0.006485075548351471,0.0059944959986569,0.1128513946959399,-0.3056481637165611,-0.239920783465522,0.0004905795496945708,-0.06572738025103911,0.34544858780690635
2019-10-25,-0.0029859990462626274,0.015078137413217849,0.0099450100610279,0.10986539564967727,-0.2905700263033433,-0.2299757734044941,0.0051331273521899486,-0.06059425289884918,0.3966766008394176
2019-10-28,0.0020349813986374338,-0.012647971827524916,-0.0085725913683219,0.11190037704831471,-0.3032179981308682,-0.238548364772816,-0.004075380459203016,-0.0646696333580522,0.3994112783462597
2019-10-29,0.007674236465176645,-0.007119157078906621,-0.0060336105913678,0.11957461351349136,-0.31033715520977484,-0.2445819753641838,-0.0010855464875388207,-0.06575517984559104,0.41421513766590023
2019-10-30,0.005809294985107045,-0.006375703316736401,-0.0048025433788397,0.1253839084985984,-0.31671285852651127,-0.2493845187430235,-0.0015731599378967006,-0.06732833978348776,0.4173167158521304
2019-10-31,0.00019114880720776445,0.00931706661096429,0.0107465880022442,0.12557505730580618,-0.307395791915547,-0.2386379307407793,-0.001429521391279909,-0.0687578611747677,0.3532824964070004
2019-11-01,0.003986664440180153,0.007641962500165991,0.0059445119481917,0.12956172174598632,-0.29975382941538103,-0.2326934187925876,0.0016974505519742906,-0.06706041062279344,0.3385509325047684
2019-11-04,0.0011282441637073739,0.0030004171392762915,0.0053922270624829,0.1306899659096937,-0.29675341227610474,-0.22730119173010468,-0.0023918099232066088,-0.06945222054600006,0.3516185221988811
2019-11-05,0.0041543489600077135,-0.006347623778913201,-0.0052159015843481,0.13484431486970141,-0.3031010360550179,-0.23251709331445278,-0.001131722194565101,-0.07058394274056515,0.3931599002841652
2019-11-06,0.00042475296714639127,0.006244670702158016,0.0021234738642791,0.1352690678368478,-0.2968563653528599,-0.23039361945017367,0.004121196837878916,-0.06646274590268625,0.3839824761144738
2019-11-07,0.0027684477900341013,-0.0008983685482257445,-0.0045939467804841,0.1380375156268819,-0.29775473390108564,-0.23498756623065778,0.0036955782322583555,-0.06276716767042786,0.3508484711888308
2019-11-08,0.0030445856112855025,-0.022961928802145554,-0.0197335825760163,0.14108210123816742,-0.3207166627032312,-0.25472114880667407,-0.003228346226129254,-0.06599551389655711,0.3835177653587371
2019-11-11,-0.0019174138608905598,0.0016466804952636862,0.0015200640762116,0.13916468737727686,-0.3190699822079675,-0.2532010847304625,0.00012661641905208619,-0.06586889747750502,0.3730244671254851
2019-11-12,-0.0017945890192937932,-0.0017419264290411617,-0.002612353346803,0.13737009835798306,-0.32081190863700865,-0.2558134380772655,0.0008704269177618382,-0.06499847055974317,0.36045675667055027
2019-11-13,-0.0010656635126728969,0.006463685984624129,0.0024455100954825,0.13630443484531016,-0.3143482226523845,-0.253367927981783,0.004018175889141629,-0.06098029467060151,0.3469046424972998
2019-11-14,0.0014190843978068757,-0.011371109023935951,-0.0077885634027354,0.13772351924311704,-0.32571933167632044,-0.2611564913845184,-0.0035825456212005514,-0.06456284029180204,0.3861391573671835
2019-11-15,0.0009556741026179512,0.007002512929323958,0.0063820170244894,0.138679193345735,-0.3187168187469965,-0.254774474360029,0.0006204959048345575,-0.0639423443869675,0.36248201323684476
2019-11-18,0.001359608558968018,0.017315750195895027,0.0112394574087703,0.14003880190470303,-0.30140106855110144,-0.24353501695125868,0.006076292787124727,-0.05786605159984276,0.37362166612936876
2019-11-19,0.0008971290298266383,-0.004718482863776178,-0.0079439541999695,0.14093593093452966,-0.3061195514148776,-0.2514789711512282,0.003225471336193323,-0.05464058026364943,0.39025205539803504
2019-11-20,-0.0015270291967379227,-0.0020117579658561285,-0.0027978829685693,0.13940890173779175,-0.30813130938073374,-0.2542768541197975,0.0007861250027131716,-0.05385445526093624,0.38181149965309197
2019-11-21,-0.003207307379024619,-0.014538476434895347,-0.0093177854849555,0.13620159435876714,-0.3226697858156291,-0.263594639604753,-0.005220690949939847,-0.05907514621087612,0.3320198233904109
2019-11-22,0.0004658783034438682,-0.006946444748204473,0.0037868899582502,0.136667472662211,-0.3296162305638336,-0.2598077496465028,-0.010733334706454673,-0.06980848091733083,0.30485676232766334
2019-11-25,0.0021302473538775913,0.0016359581890687358,0.0014051761976877,0.1387977200160886,-0.32798027237476485,-0.25840257344881506,0.00023078199138103586,-0.06957769892594978,0.33104769135348966
2019-11-26,8.112819746862954e-05,-0.0019847132563154952,-0.0018954533575236,0.13887884821355723,-0.32996498563108034,-0.2602980268063387,-8.925989879189525e-05,-0.06966695882474166,0.341089092799055
2019-11-27,0.0004986320768953692,-0.0029182996806721997,-0.004066299379376,0.1393774802904526,-0.33288328531175254,-0.2643643261857147,0.0011479996987038004,-0.06851895912603784,0.3768252884914327
2019-11-28,-0.0020779586808852414,-0.0025989676412440967,-0.0051875343012178,0.13729952160956738,-0.33548225295299666,-0.2695518604869325,0.0025885666599737038,-0.06593039246606414,0.3292324220342218
2019-11-29,0.0005672452004629779,0.0017075601582748252,0.0018803461471114,0.13786676681003035,-0.33377469279472183,-0.2676715143398211,-0.00017278598883657486,-0.06610317845490071,0.34316015214186646
2019-12-02,-0.0018839383459774868,0.004052193688394713,0.0034864077380021,0.13598282846405285,-0.3297224991063271,-0.26418510660181904,0.0005657859503926128,-0.06553739250450807,0.3631193235935021
2019-12-03,-0.000490461316301801,0.0016433213923948186,-0.0009298270846921,0.13549236714775106,-0.3280791777139323,-0.2651149336865111,0.0025731484770869185,-0.06296424402742118,0.3484076406919565
2019-12-04,0.00022600768747188348,0.0106753611155769,0.0083885061706709,0.13571837483522295,-0.3174038165983554,-0.25672642751584024,0.0022868549449060003,-0.06067738908251519,0.36622007458290745
2019-12-05,0.0013993574149363283,0.0080974200950815,0.005270032783897,0.13711773225015927,-0.3093063965032739,-0.25145639473194326,0.002827387311184499,-0.05785000177133065,0.29898966028518514
2019-12-06,-0.0014705595093485377,0.0003209837509397288,7.037958078877636e-05,0.13564717274081073,-0.30898541275233415,-0.2513860151511545,0.00025060417015095244,-0.05759939760117966,0.3405812613893967
2019-12-09,-0.002674725748890862,0.0034491110363630848,0.0015704567154547,0.13297244699191987,-0.30553630171597107,-0.2498155584356998,0.0018786543209083847,-0.05572074328027127,0.2849265771342183
2019-12-10,0.0007740671199959444,-0.002009891076091321,0.000162882249033,0.13374651411191582,-0.3075461927920624,-0.2496526761866668,-0.002172773325124321,-0.0578935166053956,0.30619296057716217
2019-12-11,0.0036937313242229063,-8.643472452495493e-05,-0.0023316226983488,0.13744024543613872,-0.3076326275165874,-0.2519842988850156,0.002245187973823845,-0.055648328631571764,0.2847797430809374
2019-12-12,0.0012576026546281252,0.012637312575534103,0.016691756377315,0.13869784809076685,-0.2949953149410533,-0.2352925425077006,-0.004054443801780898,-0.0597027724333527,0.2950157481006417
2019-12-13,-0.0011261496900394764,0.014338736834150163,0.0081030303960373,0.1375716984007274,-0.28065657810690314,-0.2271895121116633,0.0062357064381128625,-0.05346706599523984,0.2991196580766337
2019-12-16,-0.003966882149593957,0.009170011139128352,0.01244994985073,0.13360481625113343,-0.2714865669677748,-0.2147395622609333,-0.0032799387116016487,-0.05674700470684149,0.3288341722331515
2019-12-17,-0.0034819416780465717,-0.0010366420991528816,-0.0010819306794697,0.13012287457308686,-0.2725232090669277,-0.215821492940403,4.528858031681835e-05,-0.056701716126524665,0.35988664234074835
2019-12-18,-0.005155386434998274,0.0019753518771872852,0.0008162748866563,0.12496748813808858,-0.2705478571897404,-0.2150052180537467,0.0011590769905309851,-0.05554263913599369,0.3255392550860279
2019-12-19,0.0020854150902615224,-0.008625835589446693,-0.005296488944981,0.1270529032283501,-0.2791736927791871,-0.2203017069987277,-0.003329346644465693,-0.05887198578045938,0.30357701445017793
2019-12-20,0.0058111183196072405,-0.01825926108281941,-0.0161841024061907,0.13286402154795734,-0.29743295386200647,-0.2364858094049184,-0.0020751586766287085,-0.06094714445708807,0.2909641480418347
2019-12-23,-0.0004444130656366616,0.014559768513288978,0.0088647141414445,0.13241960848232068,-0.28287318534871747,-0.2276210952634739,0.0056950543718444786,-0.055252090085243566,0.3641298626846744
2019-12-24,-2.4342759592066883e-05,0.004005919322314947,0.0011317226346504,0.1323952657227286,-0.27886726602640255,-0.22648937262882352,0.0028741966876645467,-0.052377893397579034,0.4079116779585514
2019-12-25,0.0009507879379810976,0.0074477689641945,0.0078961686844507,0.1333460536607097,-0.271419497062208,-0.21859320394437282,-0.00044839972025619967,-0.05282629311783521,0.3571080548232362
2019-12-26,-0.0014574009758717603,-0.006592896038276713,-0.0029584728227726,0.13188865268483793,-0.27801239310048476,-0.2215516767671454,-0.0036344232155041136,-0.05646071633333935,0.34890702774817023
2019-12-27,0.006744965558149344,0.011001138834646991,0.0107264979851306,0.13863361824298728,-0.26701125426583777,-0.21082517878201482,0.00027464084951639087,-0.056186075483822956,0.3453167265206999
2019-12-30,-3.587872304565794e-05,0.006051524205687587,0.0037023879040898,0.13859773951994162,-0.26095973006015016,-0.207122790877925,0.0023491363015977866,-0.05383693918222515,0.37811651905377297
2019-12-31,-0.003817960158002153,0.0148539331863644,0.0141089223778344,0.13477977936193947,-0.24610579687378575,-0.1930138685000906,0.000745010808529999,-0.05309192837369514,0.3819280675011272
2020-01-02,-0.0006687507673681928,0.0015982772460717363,0.0005281169580906,0.13411102859457127,-0.24450751962771403,-0.192485751542,0.0010701602879811362,-0.052021768085714015,0.371607086531732
2020-01-03,-9.233170337302648e-06,0.0060475868525480024,0.0008530390358916,0.13410179542423398,-0.23845993277516603,-0.19163271250610842,0.005194547816656402,-0.04682722026905761,0.4000523318530121
2020-01-06,0.0017769785211123553,0.014010154519700956,0.008604261163525,0.13587877394534634,-0.22444977825546508,-0.18302845134258341,0.005405893356175957,-0.04142132691288167,0.33831562591269493
2020-01-07,0.0025053680036389893,-0.012079012106280703,-0.0127284533793475,0.13838414194898532,-0.2365287903617458,-0.1957569047219309,0.0006494412730667972,-0.040771885639814875,0.3932202909869217
2020-01-08,0.002170733091007281,0.0178711143583819,0.0115453480801819,0.14055487503999262,-0.2186576760033639,-0.184211556641749,0.006325766278200001,-0.034446119361614874,0.33125923421635
2020-01-09,0.00389399817710939,0.0017936607295292108,-0.001201646950036,0.144448873217102,-0.21686401527383467,-0.185413203591785,0.0029953076795652105,-0.03145081168204966,0.36396198062888974
2020-01-10,0.0019461942024571626,0.013114569978773385,0.009672831734877,0.14639506741955918,-0.20374944529506128,-0.175740371856908,0.0034417382438963855,-0.028009073438153287,0.3514434690907577
2020-01-13,-0.0008449393038046861,-0.003102744880337009,-0.0027524131272164,0.1455501281157545,-0.2068521901753983,-0.1784927849841244,-0.000350331753120609,-0.02835940519127389,0.33720032773115577
2020-01-14,0.006869795848761709,0.0010183746865963282,-0.0045419134662777,0.1524199239645162,-0.20583381548880197,-0.1830346984504021,0.005560288152874029,-0.022799117038399874,0.355038284393053
2020-01-15,0.0015307939731648555,-0.001197525047285018,-0.0040321188228656,0.15395071793768106,-0.207031340536087,-0.1870668172732677,0.002834593775580582,-0.019964523262819278,0.3966455017279244
2020-01-16,0.0028176112306732906,-0.0008686457852660313,-0.0008735779147625,0.15676832916835434,-0.207899986321353,-0.1879403951880302,4.932129496468696e-06,-0.019959591133322796,0.3535594017515749
2020-01-17,0.000365728557862255,0.012607976941708877,0.0088877801631541,0.1571340577262166,-0.19529200937964414,-0.17905261502487613,0.003720196778554778,-0.01623939435476801,0.3935520360809668
2020-01-20,-0.005541107350705411,-0.012452253323431103,-0.0140681450135861,0.1515929503755112,-0.20774426270307525,-0.19312076003846224,0.001615891690154997,-0.014623502664613014,0.3441152329005786
2020-01-21,0.0019825722600754865,0.0035115097971362285,0.0042237011755403,0.1535755226355867,-0.204232752905939,-0.18889705886292193,-0.0007121913784040716,-0.015335694043017073,0.34482649707867374
2020-01-22,-0.0021174027613157236,-0.03627857051835662,-0.0303530414876742,0.15145811987427096,-0.24051132342429563,-0.21925010035059614,-0.005925529030682417,-0.021261223073699487,0.37233758386463944
2020-01-23,-0.0035680625618053205,-0.09186877399696436,-0.0839558783078966,0.14789005731246566,-0.33238009742125996,-0.30320597865849275,-0.007912895689067764,-0.02917411876276721,0.36079079006947884
2020-02-03,0.00339691259144439,0.003441450094125058,0.0159934800058524,0.15128696990391005,-0.3289386473271349,-0.28721249865264037,-0.012552029911727342,-0.041726148674494534,0.39511821468688785
2020-02-04,-0.008367403324115601,0.018774230485311353,0.0160983575078041,0.14291956657979446,-0.31016441684182355,-0.2711141411448363,0.0026758729775072515,-0.03905027569698727,0.3365462562761183
2020-02-05,-0.0007623780232368814,0.026499234098596593,0.0204170640748076,0.14215718855655757,-0.28366518274322694,-0.2506970770700287,0.006082170023788993,-0.032968105673198245,0.41875282872295894
2020-02-06,0.0006216298010477722,0.011176544532489284,0.0024705892104518,0.14277881835760534,-0.27248863821073765,-0.2482264878595769,0.008705955322037483,-0.02426215035116075,0.5039342020637075
2020-02-07,7.605496668366531e-05,0.009714565083851233,0.0069441085832506,0.142854873324289,-0.26277407312688644,-0.24128237927632631,0.002770456500600633,-0.02149169385056013,0.4745980000016973
2020-02-10,0.009149810320533263,0.0011951333583532105,0.0028346658585614,0.15200468364482228,-0.26157893976853325,-0.2384477134177649,-0.0016395325002081895,-0.023131226350768336,0.5040923042686305
2020-02-11,-0.005158579881287402,0.012619154050312451,0.010742225376879,0.14684610376353488,-0.2489597857182208,-0.22770548804088592,0.0018769286734334513,-0.021254297677334888,0.2863467797047931
2020-02-12,0.005208585562846114,-0.005706086815755464,-0.0076362976080673,0.152054689326381,-0.25466587253397627,-0.23534178564895322,0.0019302107923118358,-0.019324086885023045,0.33709818493838
2020-02-13,0.0016193389763619027,0.001935415590957475,0.0040491099584296,0.1536740283027429,-0.25273045694301877,-0.2312926756905236,-0.002113694367472125,-0.021437781252495153,0.30166275212893634
2020-02-14,-0.0007135443089113507,0.031738618526766856,0.0255971865209158,0.15296048399383155,-0.22099183841625192,-0.2056954891696078,0.0061414320058510545,-0.015296349246644109,0.3590258737102628
2020-02-17,-0.003503010103504673,0.015472038428345256,0.0032635524603278,0.14945747389032688,-0.20551979998790665,-0.20243193670928,0.012208485968017456,-0.0030878632786266458,0.3564287946357976
2020-02-18,0.006472670789951294,-0.0009017423647924553,-0.0039196365553527,0.15593014468027816,-0.2064215423526991,-0.20635157326463271,0.003017894190560245,-6.996908806639057e-05,0.37357845492115677
2020-02-19,-0.00012025999633871718,0.019624132492692778,0.0189919389258269,0.15580988468393944,-0.1867974098600063,-0.1873596343388058,0.0006321935668658768,0.0005622244787995001,0.3830341292576661
2020-02-20,-0.0030763226877773765,0.012629855145621167,0.0058669525660862,0.15273356199616206,-0.17416755471438514,-0.1814926817727196,0.006762902579534966,0.007325127058334463,0.37418795631505486
2020-02-21,-0.0025894492785177637,0.013425186920127424,0.0027883306733683,0.1501441127176443,-0.1607423677942577,-0.1787043510993513,0.010636856246759124,0.017961983305093576,0.3952238363974225
2020-02-24,-0.005903567247478178,-0.002541918360417228,-0.0020408841747316,0.14424054547016613,-0.16328428615467494,-0.1807452352740829,-0.0005010341856856279,0.01746094911940796,0.34410629408478055
2020-02-25,-0.003231664585668447,-0.026422164916139395,-0.0161072019505644,0.14100888088449767,-0.18970645107081432,-0.1968524372246473,-0.010314962965574995,0.007145986153832967,0.33212434195875246
2020-02-26,0.0017048910377588735,0.003688204625343864,0.0012654558024666,0.14271377192225654,-0.18601824644547046,-0.1955869814221807,0.002422748822877264,0.009568734976710236,0.3293576133875676
2020-02-27,-0.00039835257974807977,-0.05168279040207343,-0.042878230349035,0.14231541934250846,-0.2377010368475439,-0.2384652117712157,-0.00880456005303843,0.0007641749236718121,0.3376854028073402
2020-02-28,0.0030777517769336993,0.03744769372090008,0.0326540196864701,0.14539317111944217,-0.20025334312664383,-0.2058111920847456,0.0047936740344299775,0.005557848958101769,0.40579645244693663
2020-03-02,-0.002402381934419782,0.012703438008958469,0.0079341283746392,0.1429907891850224,-0.18754990511768538,-0.1978770637101064,0.004769309634319268,0.010327158592421032,0.47683378602367016
2020-03-03,0.0039667010264947036,0.006031628959528349,0.0046872456591321,0.1469574902115171,-0.18151827615815702,-0.19318981805097432,0.0013443833003962489,0.0116715418928173,0.44524563701879255
2020-03-04,0.003369147306087174,0.017643485713101925,0.0183925052447381,0.15032663751760428,-0.1638747904450551,-0.17479731280623623,-0.0007490195316361761,0.01092252236118113,0.4257461562110574
2020-03-05,-0.0023953284922511135,-0.004943860423897536,-0.0106966966451653,0.14793130902535317,-0.16881865086895262,-0.18549400945140151,0.005752836221267764,0.016675358582448896,0.45506684107172196
2020-03-06,-0.0002681935140553616,-0.03791071515342235,-0.0338423358937558,0.14766311551129782,-0.20672936602237496,-0.2193363453451573,-0.004068379259666549,0.012606979322782347,0.3988066624946336
2020-03-09,0.0041458813857567995,0.02329162131823334,0.0197244308219401,0.15180899689705463,-0.18343774470414162,-0.1996119145232172,0.0035671904962932405,0.016174169819075573,0.4333859561369501
2020-03-10,0.0049897382866816,-0.010993464169866471,-0.0121267082218645,0.15679873518373622,-0.19443120887400808,-0.2117386227450817,0.0011332440519980294,0.017307413871073624,0.5383281609372907
2020-03-11,-0.0006284951632315998,-0.021275337469910078,-0.0183227391261787,0.1561702400205046,-0.21570654634391817,-0.23006136187126042,-0.0029525983437313774,0.014354815527342246,0.4080405034130631
2020-03-12,-0.0052821335371332715,-0.014178332487025032,-0.0124470998769432,0.15088810648337134,-0.2298848788309432,-0.24250846174820362,-0.0017312326100818315,0.012623582917260429,0.46426215602112897
2020-03-13,0.008332169185353388,-0.04299153398808737,-0.0402289446853721,0.15922027566872474,-0.2728764128190306,-0.2827374064335757,-0.0027625893027152654,0.009860993614545122,0.43524693132044695
2020-03-16,-0.0024219772338782354,-0.00397553516045459,-0.0039700251080639,0.1567982984348465,-0.27685194797948515,-0.2867074315416396,-5.510052390690114e-06,0.009855483562154432,0.42824502552452814
2020-03-17,-0.003229675423729717,-0.01443200922099626,-0.0177431000208123,0.1535686230111168,-0.2912839572004814,-0.3044505315624519,0.0033110907998160407,0.013166574361970496,0.4244761662844011
2020-03-18,0.0007958998899780482,0.006159918011308221,-0.0066889039237193,0.15436452290109484,-0.2851240391891732,-0.3111394354861712,0.01284882193502752,0.026015396296998006,0.43180020402425523
2020-03-19,0.006458807475164356,0.015882367783616635,0.014853480264456,0.1608233303762592,-0.26924167140555655,-0.2962859552217152,0.0010288875191606355,0.027044283816158643,0.43955035022484185
2020-03-20,0.009520493422262744,-0.03827529990545196,-0.0361721857778314,0.17034382379852195,-0.3075169713110085,-0.33245814099954657,-0.002103114127620563,0.024941169688538045,0.4704446781554368
2020-03-23,0.0030387896945255426,0.02121918648961089,0.0228684121432588,0.17338261349304748,-0.2862977848213976,-0.30958972885628777,-0.0016492256536479073,0.023291944034890155,0.4561455394042773
2020-03-24,-0.0066500325560110325,0.02266292914097311,0.0237322544956723,0.16673258093703644,-0.2636348556804245,-0.2858574743606155,-0.0010693253546991896,0.022222618680190986,0.5171660316931397
2020-03-25,-0.0017956327840742004,-0.009384618662578208,-0.0067522252258938,0.16493694815296223,-0.2730194743430027,-0.2926096995865093,-0.0026323934366844085,0.019590225243506565,0.40754517981451904
2020-03-26,0.005061548957469465,-0.001394615954102585,1.0218537799160396e-07,0.1699984971104317,-0.2744140902971053,-0.2926095974011313,-0.0013947181394805767,0.01819550710402601,0.49857142317749037
2020-03-27,0.0011470987182581917,-0.021429374841710015,-0.0133877613633994,0.17114559582868988,-0.2958434651388153,-0.3059973587645307,-0.008041613478310615,0.010153893625715393,0.4240408864398777
2020-03-30,0.001964927546691933,0.004517163291332994,0.0013719347824401,0.1731105233753818,-0.2913263018474823,-0.30462542398209064,0.003145228508892894,0.013299122134608321,0.4426241650519027
2020-03-31,-0.0019337149443322183,-0.005498148406248129,-0.0047342997377456,0.17117680843104957,-0.29682445025373044,-0.3093597237198362,-0.0007638486685025295,0.012535273466105779,0.48561405913229666
2020-04-01,-0.0023459256658916335,0.02352491885669147,0.0181788253505769,0.16883088276515792,-0.273299531397039,-0.2911808983692593,0.00534609350611457,0.017881366972220314,0.42758677765990594
2020-04-02,-6.431709100189614e-05,-0.004932136285096141,-0.0057986250850124,0.16876656567415602,-0.27823166768213514,-0.2969795234542717,0.0008664887999162586,0.018747855772136557,0.4312020255486895
2020-04-03,-0.0031392922299420477,0.029582026949299775,0.023881049438286,0.16562727344421396,-0.24864964073283535,-0.2730984740159857,0.005700977511013776,0.02444883328315034,0.47891282960078396
2020-04-07,-0.0006826580596462947,-0.0002836998863865793,-0.0024812230972173,0.16494461538456767,-0.24893334061922193,-0.275579697113203,0.0021975232108307208,0.026646356493981088,0.45473816915986265
2020-04-08,-0.001369977656184828,0.008788539714856203,0.0052466878705998,0.16357463772838285,-0.2401448009043657,-0.27033300924260323,0.003541851844256404,0.030188208338237515,0.45542500212500364
2020-04-09,0.004714815625300829,-0.022040423797429407,-0.0134743440265424,0.16828945335368367,-0.2621852247017951,-0.28380735326914563,-0.008566079770887008,0.021622128567350518,0.4190066992221701
2020-04-10,-0.0006573131287611363,-0.010609612107845485,-0.0061779523012691,0.16763214022492254,-0.2727948368096406,-0.28998530557041474,-0.004431659806576385,0.017190468760774125,0.38346735295795586
2020-04-13,-5.1274430137459814e-05,0.02059053960326711,0.0177158399200975,0.16758086579478507,-0.2522042972063735,-0.27226946565031723,0.0028746996831696126,0.020065168443943737,0.5109903148868297
2020-04-14,-0.0024082079079284346,-0.004866544042412023,-0.005543502951199,0.16517265788685664,-0.25707084124878554,-0.2778129686015162,0.0006769589087869772,0.020742127352730677,0.38420259363754644
2020-04-15,-0.0026619959418459154,0.00479711166807343,0.0034079593155521,0.16251066194501074,-0.2522737295807121,-0.2744050092859641,0.0013891523525213297,0.022131279705252027,0.3805256622103654
2020-04-16,0.004792320926512059,0.0034271987491524126,0.0053984703634555,0.1673029828715228,-0.2488465308315597,-0.26900653892250864,-0.0019712716143030873,0.02016000809094895,0.39818503952670875
2020-04-17,-0.000952355591303318,0.011889388954806316,0.0064635519200679,0.16635062728021946,-0.23695714187675337,-0.2625429870024407,0.005425837034738416,0.025585845125687345,0.3628537234834186
2020-04-20,-0.0030359582280632034,-0.0075828940981149395,-0.0090994553758659,0.16331466905215625,-0.24454003597486831,-0.2716424423783066,0.0015165612777509607,0.02710240640343828,0.4276902673041716
2020-04-21,0.0012919484115632557,0.010163990881503904,0.0070704598178536,0.1646066174637195,-0.2343760450933644,-0.264571982560453,0.003093531063650304,0.030195937467088596,0.4235127190543362
2020-04-22,0.001232557119407489,-0.0038710975057836025,-0.0034633701977576,0.16583917458312697,-0.238247142599148,-0.2680353527582106,-0.00040772730802600236,0.029788210159062606,0.4550166389025776
2020-04-23,0.005643533803911843,-0.016033808723738174,-0.0122148355639546,0.1714827083870388,-0.2542809513228862,-0.2802501883221652,-0.0038189731597835733,0.025969236999279,0.42087787310637825
2020-04-24,0.0048034232377785905,-0.00237652277187844,0.0015690421279923,0.1762861316248174,-0.25665747409476464,-0.2786811461941729,-0.00394556489987074,0.022023672099408254,0.44520893045747767
2020-04-27,0.0052670652652587555,-0.00905887076472978,-0.0021140433970566,0.18155319689007615,-0.2657163448594944,-0.2807951895912295,-0.006944827367673179,0.015078844731735097,0.4001724484773189
2020-04-28,0.005550937537094975,-0.0001412686555973691,0.002491824796535,0.18710413442717114,-0.2658576135150918,-0.27830336479469453,-0.0026330934521323693,0.012445751279602735,0.4176424100370554
2020-04-29,0.00011188547446911901,0.019508561172077946,0.0135705587200531,0.18721601990164025,-0.24634905234301385,-0.26473280607464145,0.005938002452024846,0.018383753731627595,0.42489675734421606
2020-04-30,-0.0024944713321910983,0.01686144437767832,0.0085589324224699,0.18472154856944914,-0.22948760796533554,-0.25617387365217154,0.00830251195520842,0.02668626568683599,0.4860352499483872
2020-05-06,0.0020440610095193326,0.0015622483721112275,-0.0024282335307417,0.18676560957896848,-0.22792535959322432,-0.2586021071829132,0.0039904819028529276,0.030676747589688885,0.5122113139499133
2020-05-07,0.0009584798061066679,0.010914181147804652,0.0096067759488172,0.18772408938507515,-0.21701117844541967,-0.248995331234096,0.0013074051989874526,0.031984152788676334,0.5252806509674731
2020-05-08,-0.002357647478868166,-0.002834382562996707,-0.0008699509326946,0.185366441906207,-0.21984556100841637,-0.2498652821667906,-0.001964431630302107,0.03001972115837423,0.3781779804161902
2020-05-11,0.00606742127172398,0.006343728234003939,-4.566821453865287e-05,0.19143386317793099,-0.21350183277441243,-0.24991095038132927,0.006389396448542592,0.03640911760691684,0.3673512124907544
2020-05-12,0.0012037112363730742,0.007022161712891752,0.003258976791462,0.19263757441430407,-0.20647967106152068,-0.24665197358986726,0.0037631849214297525,0.04017230252834658,0.38527540768306096
2020-05-13,-9.533655859958916e-05,-0.008349939335531586,-0.0100008595924806,0.19254223785570448,-0.21482961039705226,-0.2566528331823479,0.0016509202569490143,0.04182322278529563,0.364875112400908
2020-05-14,-0.0005076047816375551,0.0013666367872743317,8.691489085119892e-05,0.19203463307406693,-0.21346297360977792,-0.25656591829149666,0.0012797218964231327,0.04310294468171874,0.40739585388155575
2020-05-15,0.005002762257718624,0.0005615560998832998,-0.0005423291250112,0.19703739533178555,-0.21290141750989464,-0.25710824741650784,0.0011038852248945,0.044206829906613204,0.38100137169458514
2020-05-18,0.001346319812728817,0.013609589780686418,0.0094467684863002,0.19838371514451436,-0.19929182772920823,-0.24766147893020765,0.004162821294386219,0.048369651200999425,0.4020919431539233
2020-05-19,-0.004764628971698049,-0.013886686824943385,-0.0068560211777389,0.1936190861728163,-0.2131785145541516,-0.25451750010794655,-0.007030665647204485,0.04133898555379495,0.3754280121917323
2020-05-20,-0.0015428037998411375,-0.010354085496772535,-0.0071875798934186,0.19207628237297517,-0.22353260005092412,-0.26170508000136516,-0.0031665056033539354,0.03817247995044104,0.37845847823489476
2020-05-21,-0.0005697892918544899,-0.019779493204531148,-0.0201658582114483,0.19150649308112067,-0.24331209325545528,-0.28187093821281345,0.000386365006917154,0.038558844957358174,0.44796194600387507
2020-05-22,-0.0015752488952463825,-0.0010642801909846594,0.0001333874940177,0.1899312441858743,-0.24437637344643992,-0.28173755071879575,-0.0011976676850023594,0.03736117727235583,0.4119999041510821
2020-05-25,-0.004242586280952278,0.020036718092974,0.0139627606488795,0.185688657904922,-0.22433965535346592,-0.2677747900699162,0.006073957444094499,0.0434351347164503,0.429409660731119
2020-05-26,0.0037354914094492957,-0.004102188392591625,-0.0055514475072795,0.1894241493143713,-0.22844184374605755,-0.2733262375771957,0.0014492591146878751,0.04488439383113815,0.42503861604397636
2020-05-27,0.001264866277481962,-0.002537882715318754,0.0009344688187977,0.19068901559185325,-0.23097972646137632,-0.272391768758398,-0.003472351534116454,0.04141204229702167,0.37912516866288076
2020-05-28,-0.0013171127604126997,0.00845943014092233,0.0037428728461228,0.18937190283144056,-0.222520296320454,-0.2686488959122752,0.00471655729479953,0.046128599591821196,0.41172962569087146
2020-05-29,0.0008126153064254214,0.02872107273010333,0.0249387751073335,0.190184518137866,-0.19379922359035068,-0.2437101208049417,0.003782297622769829,0.04991089721459102,0.42770097901649645
2020-06-01,-0.006494811549787107,-0.00529884583334087,0.0015383290245091,0.1836897065880789,-0.19909806942369154,-0.2421717917804326,-0.00683717485784997,0.04307372235674106,0.46073663182070235
2020-06-02,-0.002695900675200734,-0.000628935809890879,0.0004080395253509,0.18099380591287817,-0.19972700523358242,-0.2417637522550817,-0.001036975335241779,0.04203674702149929,0.46168588291127816
2020-06-03,0.0003606220904968174,0.0031918846201395034,-0.0024726078448142,0.18135442800337498,-0.19653512061344292,-0.2442363600998959,0.005664492464953703,0.047701239486452995,0.434597984194321
2020-06-04,0.006054538276813008,0.0027675793452647526,0.0028816830760984,0.187408966280188,-0.19376754126817816,-0.2413546770237975,-0.00011410373083364745,0.04758713575561935,0.41784706313344755
2020-06-05,0.004503954158213949,-0.0010387376586590094,0.0013330024270189,0.19191292043840194,-0.19480627892683716,-0.24002167459677862,-0.0023717400856779094,0.045215395669941455,0.40001449355068336
2020-06-08,0.012515800229425602,0.00704714489290424,0.0044838593004826,0.20442872066782755,-0.18775913403393293,-0.23553781529629603,0.0025632855924216397,0.04777868126236309,0.3806377105799669
2020-06-09,-0.0004745846190482449,0.0014330325753085457,-0.0010254715430503,0.2039541360487793,-0.18632610145862438,-0.23656328683934633,0.0024585041183588455,0.050237185380721944,0.52807455916153
2020-06-10,-0.0021314000315503516,-0.003495022775177485,-0.0073178375061998,0.20182273601722894,-0.18982112423380187,-0.24388112434554612,0.0038228147310223146,0.05406000011174425,0.45720067207741494
2020-06-11,-0.0005973043789319645,0.002124172929191963,0.0003715317452956,0.20122543163829698,-0.18769695130460992,-0.2435095926002505,0.001752641183896363,0.05581264129564059,0.425072431325799
2020-06-12,-0.007393942743089913,-0.004480621723816921,-0.0071603239099464,0.19383148889520707,-0.19217757302842683,-0.25066991651019693,0.002679702186129479,0.0584923434817701,0.38395687517301397
2020-06-15,-0.00042216315738928105,0.017743657663314205,0.0151095376815319,0.1934093257378178,-0.17443391536511263,-0.23556037882866504,0.0026341199817823055,0.06112646346355241,0.40481463806493434
2020-06-16,5.189636268592886e-05,0.0024558025426350155,0.0003703599592386,0.19346122210050373,-0.1719781128224776,-0.23519001886942645,0.0020854425833964152,0.06321190604694885,0.40363707782808533
2020-06-17,0.0031393957566376697,0.0012178260558739604,0.0017561534153602,0.1966006178571414,-0.17076028676660365,-0.23343386545406625,-0.0005383273594862397,0.0626735786874626,0.3678748048878921
2020-06-18,-0.002015947513292831,0.007926833620388847,0.0102265402392913,0.19458467034384855,-0.1628334531462148,-0.22320732521477496,-0.002299706618902452,0.06037387206856015,0.39186185250803673
2020-06-19,0.0016727617429765083,0.004745720180537911,0.0004032426524724,0.19625743208682506,-0.1580877329656769,-0.22280408256230255,0.004342477528065511,0.06471634959662564,0.4389773471129679
2020-06-22,0.004136635554067141,0.006605267272112034,0.0026409936405696,0.2003940676408922,-0.15148246569356488,-0.22016308892173295,0.003964273631542434,0.06868062322816806,0.41769394736745047
2020-06-23,0.004995521710499438,0.0020582928845199696,0.0027269231976254,0.20538958935139165,-0.1494241728090449,-0.21743616572410754,-0.0006686303131054304,0.06801199291506263,0.37769071687415506
2020-06-24,-0.0005174690648730129,-0.004138396980848076,-0.005750050956975,0.20487212028651863,-0.153562569789893,-0.22318621668108254,0.0016116539761269234,0.06962364689118955,0.39001511697773317
2020-06-29,-0.00011084532767056268,0.017526973009742784,0.0132322477846155,0.20476127495884808,-0.1360355967801502,-0.20995396889646706,0.004294725225127284,0.07391837211631686,0.3545365017691862
2020-06-30,0.0032117625636838205,0.0054742941875058505,0.0113858981107979,0.2079730375225319,-0.13056130259264434,-0.19856807078566915,-0.00591160392329205,0.06800676819302481,0.3439473582410801
2020-07-01,-0.0019328399113678237,0.007414903722672208,0.0179153673968349,0.20604019761116407,-0.12314639886997213,-0.18065270338883427,-0.010500463674162692,0.05750630451886214,0.3495744147535714
2020-07-02,-0.0064411255479652485,0.0017473474161597369,0.017579822388895,0.19959907206319882,-0.12139905145381238,-0.16307288099993927,-0.015832474972735263,0.04167382954612689,0.36714422869700625
2020-07-03,0.0007682190252627252,0.03299431564487907,0.0502556514778384,0.20036729108846155,-0.08840473580893332,-0.11281722952210088,-0.01726133583295933,0.02441249371316756,0.41055489754102875
2020-07-06,0.005315436295002522,0.019756357731194683,0.0075100856875547,0.20568272738346408,-0.06864837807773863,-0.10530714383454617,0.012246272043639983,0.03665876575680754,0.3701500001623035
2020-07-07,-0.004874382304898727,0.015254281922957982,0.016917734833174,0.20080834507856535,-0.05339409615478065,-0.08838940900137218,-0.0016634529102160164,0.034995312846591534,0.4761683206078013
2020-07-08,-0.0008429922634012521,0.026750615832933432,0.0165436605978606,0.1999653528151641,-0.026643480321847216,-0.07184574840351159,0.010206955235072833,0.045202268081664373,0.34789690936657236
2020-07-09,0.005688727162215881,0.0003806903662917583,-0.0141846510012592,0.20565407997737997,-0.02626278995555546,-0.08603039940477078,0.01456534136755096,0.05976760944921532,0.3367932080619166
2020-07-10,-0.005735954259030858,0.029286293258086966,0.0231003569870455,0.1999181257183491,0.003023503302531507,-0.06293004241772528,0.006185936271041467,0.06595354572025679,0.3110261853431456
2020-07-13,-0.0012008292511582698,-0.008452820188859934,-0.0094116339466495,0.19871729646719083,-0.005429316886328427,-0.07234167636437477,0.0009588137577895648,0.06691235947804634,0.3140978959546077
2020-07-14,0.009207198523605124,-0.015813903508834874,-0.0176028663557813,0.20792449499079596,-0.0212432203951633,-0.08994454272015608,0.0017889628469464243,0.06870132232499278,0.2895467408836245
2020-07-15,-0.0072474566653870885,-0.06050559943997992,-0.0473889669179266,0.20067703832540887,-0.08174881983514322,-0.13733350963808266,-0.01311663252205332,0.055584689802939444,0.3194625109947003
2020-07-16,0.007829846409231256,0.00966020093935018,0.0033779953353041,0.20850688473464013,-0.07208861889579304,-0.13395551430277855,0.0062822056040460796,0.061866895406985506,0.37842537962758993
2020-07-17,-0.004704790355689786,0.017626194463162194,0.0292532067238604,0.20380209437895033,-0.05446242443263085,-0.10470230757891816,-0.011627012260698205,0.05023988314628731,0.5319814833289234
2020-07-20,-0.0008076623929860713,0.009587410759310773,0.002877312558369,0.20299443198596426,-0.04487501367332008,-0.10182499502054916,0.006710098200941773,0.05694998134722908,0.3716919283900733
2020-07-21,-0.002890260132821053,0.006723004706702298,0.0051504130718668,0.2001041718531432,-0.03815200896661778,-0.09667458194868236,0.0015725916348354975,0.058522572982064584,0.4082048693375544
2020-07-22,-0.0013949200886889013,-0.0030786095654389677,-0.0021116783546214,0.19870925176445428,-0.04123061853205675,-0.09878626030330376,-0.0009669312108175677,0.05755564177124701,0.48567699259775793
2020-07-23,0.004813433884918764,-0.047621132936882284,-0.0436565550814571,0.20352268564937304,-0.08885175146893903,-0.14244281538476086,-0.003964577855425186,0.05359106391582183,0.504487109569735
2020-07-24,-0.004404793557257077,-0.0017537495186616238,0.0019737060522999,0.19911789209211597,-0.09060550098760066,-0.14046910933246096,-0.003727455570961524,0.0498636083448603,0.53673981266651
2020-07-27,0.002068265443737264,0.01525391691440461,0.0090677846915971,0.20118615753585323,-0.07535158407319605,-0.13140132464086385,0.006186132222807511,0.0560497405676678,0.46518345075888556
2020-07-28,-0.006301226986324448,0.022479559331121397,0.0229610346545453,0.19488493054952877,-0.05287202474207465,-0.10844028998631855,-0.0004814753234239043,0.0555682652442439,0.5567117143095676
2020-07-29,0.0011586633409811592,-0.0025940524612646093,-0.0039757990384659,0.19604359389050993,-0.05546607720333926,-0.11241608902478445,0.0013817465772012908,0.05695001182144519,0.44990282822752775
2020-07-30,-0.0035783995251074756,0.010728845660917112,0.0086299385402328,0.19246519436540246,-0.044737231542422144,-0.10378615048455164,0.002098907120684312,0.0590489189421295,0.5110573174244669
2020-07-31,-0.0061530333740131065,0.02099464073015362,0.0191081873751593,0.18631216099138936,-0.023742590812268524,-0.08467796310939234,0.0018864533549943184,0.06093537229712381,0.43780705791218605
2020-08-03,0.0019085025328488471,-0.00503058613609864,-0.0006993424349202,0.18822066352423822,-0.028773176948367164,-0.08537730554431254,-0.00433124370117844,0.05660412859594538,0.5123599948132
2020-08-04,-0.0014714186162503075,0.009262750847049089,0.0030941549579067,0.18674924490798792,-0.019510426101318076,-0.08228315058640584,0.006168595889142389,0.06277272448508776,0.5100402640181421
2020-08-05,-0.001577438784188993,-0.005822213435315337,-0.0011282237137211,0.1851718061237989,-0.025332639536633415,-0.08341137430012693,-0.0046939897215942375,0.05807873476349352,0.4034318492260794
2020-08-06,-0.0011116467459715484,-0.01505491649073355,-0.0114527499179291,0.18406015937782735,-0.04038755602736697,-0.09486412421805604,-0.00360216657280445,0.05447656819068907,0.4606850599164133
2020-08-07,0.00022374737054311442,0.004725614674358639,0.0052981552650361,0.18428390674837047,-0.035661941353008327,-0.08956596895301994,-0.0005725405906774617,0.05390402760001161,0.40717740416538867
2020-08-10,0.0012572764962704595,-0.018227706696125022,-0.0128639834469926,0.18554118324464094,-0.05388964804913335,-0.10242995240001254,-0.005363723249132422,0.04854030435087919,0.44804780756590606
2020-08-11,0.0006484901800837294,-0.013831830849026424,-0.0084572104848865,0.18618967342472467,-0.06772147889815977,-0.11088716288489904,-0.005374620364139923,0.04316568398673927,0.4926880267250523
2020-08-12,0.001234282362762177,0.0035273286224834963,-3.1433639010188624e-05,0.18742395578748686,-0.06419415027567628,-0.11091859652390923,0.003558762261493685,0.04672444624823295,0.4538644463089204
2020-08-13,-0.00010699067972619646,0.010636943407476979,0.0121758014974647,0.18731696510776066,-0.0535572068681993,-0.09874279502644454,-0.001538858089987721,0.045185588158245235,0.4134064390551771
2020-08-14,0.001838142539378955,0.01862640702340039,0.0217238937517613,0.1891551076471396,-0.03493079984479891,-0.07701890127468324,-0.0030974867283609098,0.042088101429884325,0.3946427916765795
2020-08-17,4.316925303443354e-05,0.010032341568488017,0.0031877246635001,0.18919827690017404,-0.024898458276310893,-0.07383117661118313,0.0068446169049879175,0.04893271833487224,0.4251721438933667
2020-08-18,-0.0012876096432891488,-0.01700247791768808,-0.0156012564927147,0.1879106672568849,-0.04190093619399897,-0.08943243310389783,-0.0014012214249733805,0.04753149690989886,0.4023502671527751
2020-08-19,0.0031656071931688437,-0.010514101186387828,-0.0132436393622217,0.19107627445005376,-0.052415037380386796,-0.10267607246611953,0.002729538175833872,0.05026103508573273,0.48315696127676244
2020-08-20,0.0008106494628099206,0.009320084483119969,0.0072124342468663,0.1918869239128637,-0.04309495289726683,-0.09546363821925323,0.0021076502362536685,0.0523686853219864,0.4110188156180274
2020-08-21,0.0006896397977769801,0.008498063488153707,0.005522243533459,0.19257656371064066,-0.034596889409113124,-0.08994139468579423,0.002975819954694707,0.05534450527668111,0.39211238997839415
2020-08-24,0.003247900432641162,0.0015577489842629663,-0.0022147774467674,0.19582446414328183,-0.03303914042485016,-0.09215617213256164,0.003772526431030366,0.05911703170771148,0.43414310880932333
2020-08-25,0.0027279515138974838,-0.02067081728811559,-0.0150693666373763,0.19855241565717932,-0.053709957712965745,-0.10722553876993794,-0.0056014506507392915,0.0535155810569722,0.48136959308567534
2020-08-26,-0.004775036523894595,0.01046150018638018,0.007046657279124,0.19377737913328472,-0.043248457526585564,-0.10017888149081394,0.0034148429072561803,0.05693042396422838,0.4498768251293254
2020-08-27,0.0047430190903641764,0.014843880567995583,0.0172594718156923,0.1985203982236489,-0.02840457695858998,-0.08291940967512164,-0.0024155912476967172,0.05451483271653166,0.44280130480201274
2020-08-28,0.003462480305065177,0.0018348482204831038,-0.0039519696476917,0.20198287852871408,-0.026569728738106875,-0.08687137932281334,0.005786817868174804,0.06030165058470647,0.45081995325033597
2020-08-31,0.002822010553689494,0.0060114069623664525,0.0049049425418822,0.20480488908240357,-0.02055832177574042,-0.08196643678093114,0.0011064644204842522,0.06140811500519072,0.5028054610623258
2020-09-01,0.0029375201211112585,0.006031296024213689,0.0001991889314246,0.20774240920351483,-0.014527025751526732,-0.08176724784950655,0.0058321070927890885,0.06724022209797982,0.450377332034809
2020-09-02,-0.0010986070817592677,-0.008669240576510527,-0.007166976876215,0.20664380212175557,-0.023196266328037257,-0.08893422472572154,-0.0015022637002955266,0.06573795839768429,0.4388859150604813
2020-09-03,-0.006722433032026111,-0.010018069532763367,-0.0075746657857056,0.19992136908972946,-0.03321433586080062,-0.09650889051142715,-0.0024434037470577675,0.06329455465062653,0.39444127399450196
2020-09-04,-0.00014337074335722845,-0.02158126112115909,-0.0197086205969941,0.19977799834637222,-0.05479559698195971,-0.11621751110842125,-0.001872640524164991,0.061421914126461544,0.4068614433218522
2020-09-07,-0.0026898086851786457,0.0006314840056221947,0.0064997166796187,0.19708818966119357,-0.05416411297633752,-0.10971779442880256,-0.0058682326739965054,0.05555368145246504,0.4207226361537978
2020-09-08,0.004126363424240588,-0.03160163556827351,-0.0234231272227519,0.20121455308543415,-0.08576574854461103,-0.13314092165155444,-0.008178508345521609,0.04737517310694342,0.4845662834654181
2020-09-09,-0.006601244602921428,-0.028926586218901977,-0.0117809931709669,0.1946133084825127,-0.11469233476351301,-0.14492191482252134,-0.017145593047935077,0.030229580059008332,0.4169240787533203
2020-09-10,-0.0038806299905363266,0.01474536341680563,0.0101610410433864,0.1907326784919764,-0.09994697134670738,-0.13476087377913495,0.004584322373419231,0.034813902432427574,0.42061437805497437
2020-09-11,0.0019636325951873364,0.011258989047343548,0.0068022103793141,0.19269631108716373,-0.08868798229936384,-0.12795866339982084,0.004456778668029448,0.039270681100457006,0.3817118758574958
2020-09-14,-0.009802889207945163,0.0024188606732231783,0.0056164670637524,0.18289342187921856,-0.08626912162614066,-0.12234219633606844,-0.0031976063905292218,0.03607307470992778,0.41659605842890124
2020-09-15,-0.0004394687787269829,-0.009821766374614623,-0.0057131797344979,0.1824539531004916,-0.09609088800075528,-0.12805537607056633,-0.0041085866401167235,0.031964488069811045,0.5377395067522817
2020-09-16,-0.006062271402174956,-0.0023002264101891316,-0.0024650595650308,0.17639168169831662,-0.09839111441094442,-0.13052043563559712,0.0001648331548416682,0.0321293212246527,0.430919485099249
2020-09-17,0.0025269709894803704,0.014819519445213576,0.0186661803200471,0.178918652687797,-0.08357159496573084,-0.11185425531555002,-0.003846660874833525,0.028282660349819175,0.4199870697096997
2020-09-18,-0.0015890484917910838,-0.004960176215808543,-0.0067429601299436,0.1773296041960059,-0.08853177118153939,-0.11859721544549362,0.0017827839141350572,0.03006544426395423,0.46698439866473773
2020-09-21,-0.0006069090246547516,-0.012847434923438185,-0.011983201070702,0.17672269517135117,-0.10137920610497758,-0.13058041651619562,-0.0008642338527361845,0.029201210411218037,0.426856391057916
2020-09-22,-0.004362595665125308,0.006864035729738721,0.0031218884460843,0.17236009950622586,-0.09451517037523886,-0.12745852807011132,0.003742147283654421,0.03294335769487246,0.45090159358216414
2020-09-23,0.0008498095795423874,-0.025046609174641247,-0.0201589407369702,0.17320990908576825,-0.1195617795498801,-0.14761746880708151,-0.0048876684376710465,0.028055689257201408,0.4249503817308957
2020-09-24,-0.0012715712992762613,-0.005270366835783619,-0.0011728403602328,0.17193833778649198,-0.12483214638566373,-0.1487903091673143,-0.004097526475550819,0.023958162781650583,0.433026867492911
2020-09-25,-0.0005595129326350558,-0.012858084446156813,-0.0026651966944138,0.17137882485385691,-0.13769023083182055,-0.15145550586172812,-0.010192887751743013,0.01376527502990757,0.4612917649764948
2020-09-28,6.0257977068796526e-05,0.008507017106346812,0.0043687853054387,0.1714390828309257,-0.12918321372547376,-0.14708672055628944,0.0041382318009081116,0.01790350683081568,0.4552187017182361
2020-09-29,-0.001731757614564804,-0.0016170378856603968,-0.0011066391024152,0.1697073252163609,-0.13080025161113415,-0.14819335965870464,-0.0005103987832451968,0.017393108047570494,0.41039585942574036
2020-09-30,-0.00029206068556792303,0.02768269210278477,0.0208388676993881,0.16941526453079297,-0.10311755950834939,-0.12735449195931653,0.006843824403396669,0.02423693245096714,0.41821920109428384
2020-10-09,-0.005368460440491305,0.029472330378892637,0.0281861076235846,0.16404680409030167,-0.07364522912945676,-0.09916838433573193,0.0012862227553080384,0.02552315520627517,0.42363472090580667
2020-10-12,0.001824447869299182,0.004432545458103832,0.0022814373391173,0.16587125195960087,-0.06921268367135293,-0.09688694699661463,0.002151108118986532,0.027674263325261697,0.5034323493886174
2020-10-13,0.0038655531658830784,-0.005763117025580864,-0.0062692312202641,0.16973680512548395,-0.0749758006969338,-0.10315617821687872,0.0005061141946832359,0.028180377519944927,0.6317434231452781
2020-10-14,0.0038856261229131385,-0.006191415835744834,-0.0035614389754624,0.17362243124839707,-0.08116721653267864,-0.10671761719234113,-0.002629976860282434,0.025550400659662492,0.4797675203944805
2020-10-15,-0.0034120150666312795,-0.003624764907610481,-0.0002684631751511,0.1702104161817658,-0.08479198144028911,-0.10698608036749223,-0.0033563017324593812,0.022194098927203115,0.4103060379204287
2020-10-16,-0.002560578716813166,-0.01033846153262027,-0.00628141890664,0.16764983746495263,-0.09513044297290939,-0.11326749927413222,-0.00405704262598027,0.018137056301222837,0.41322952633163645
2020-10-19,0.0003679315090894248,0.011719880022653877,0.0066450954965493,0.16801776897404205,-0.0834105629502555,-0.10662240377758292,0.005074784526104577,0.023211840827327412,0.43409511067337264
2020-10-20,0.0009250288516847276,-0.01144007547651301,-0.0040546104541061,0.16894279782572677,-0.09485063842676852,-0.11067701423168902,-0.0073854650224069104,0.015826375804920495,0.5982375156689037
2020-10-21,-9.994623278459237e-06,-0.005691536065491779,-0.0044491828007925,0.1689328032024483,-0.1005421744922603,-0.11512619703248152,-0.0012423532646992788,0.014584022540221217,0.4365669689207818
2020-10-22,0.009482079330205487,-0.01660063157954195,-0.0131107058420918,0.17841488253265378,-0.11714280607180225,-0.12823690287457332,-0.003489925737450151,0.01109409680277107,0.37777002166575496
2020-10-23,-0.005424674033469574,-0.0020984513309242887,-0.0035309420049798,0.1729902084991842,-0.11924125740272654,-0.13176784487955312,0.0014324906740555113,0.012526587476826584,0.3852931899193788
2020-10-26,-0.006933238465765197,0.002058513338652398,0.0021035576020925,0.16605697003341902,-0.11718274406407414,-0.12966428727746063,-4.5044263440101925e-05,0.012481543213386487,0.4238600871202455
2020-10-27,0.003947268020771456,0.006167795725880514,0.0042141186360345,0.17000423805419046,-0.11101494833819363,-0.12545016864142614,0.0019536770898460143,0.014435220303232507,0.4516091988971983
2020-10-28,-0.0004081145586229096,3.887615176259592e-06,0.0023313287418328,0.16959612349556755,-0.11101106072301736,-0.12311883989959334,-0.0023274411266565407,0.012107779176575975,0.43323330307659147
2020-10-29,0.0003907867419786753,-0.024114593481182552,-0.018126305575646,0.16998691023754622,-0.13512565420419992,-0.14124514547523934,-0.005988287905536554,0.006119491271039418,0.4449459706271092
2020-10-30,-0.003670668489300865,0.0003429504387963744,0.0038611785125495,0.16631624174824536,-0.13478270376540355,-0.13738396696268984,-0.0035182280737531255,0.002601263197286291,0.46103580835964175
2020-11-02,-0.0018012106783956597,0.01583373242993201,0.0132941555613882,0.1645150310698497,-0.11894897133547154,-0.12408981140130164,0.0025395768685438098,0.005140840065830099,0.4495214308898057
2020-11-03,0.0030085478588863157,-0.00029083103201555554,0.0023342427291659,0.167523578928736,-0.1192398023674871,-0.12175556867213574,-0.0026250737611814554,0.0025157663046486423,0.42078934503459015
2020-11-04,1.7198249135687527e-05,0.015842481355959035,0.0140304499797451,0.1675407771778717,-0.10339732101152807,-0.10772511869239064,0.0018120313762139354,0.004327797680862569,0.45057632102517303
2020-11-05,0.0011362130486886855,-0.012132332383675837,-0.0045321189521804,0.16867699022656038,-0.11552965339520391,-0.11225723764457105,-0.007600213431495436,-0.003272415750632862,0.42731397860863335
2020-11-06,0.0002196576563990136,0.02349796564132953,0.0186682803686284,0.16889664788295938,-0.09203168775387438,-0.09358895727594264,0.004829685272701129,0.0015572695220682636,0.42653014493523267
2020-11-09,-0.0005966906176285865,-0.011528407954845993,-0.0064362443573658,0.16829995726533079,-0.10356009570872038,-0.10002520163330844,-0.005092163597480193,-0.0035348940754119373,0.44436108270889474
2020-11-10,0.0016748696145332804,-0.016493101271337195,-0.0101989063988703,0.16997482687986407,-0.12005319698005758,-0.11022410803217875,-0.006294194872466895,-0.00982908894787883,0.43433749108510417
2020-11-11,0.0018713359504918348,0.0038770809226274286,0.00011176838547,0.1718461628303559,-0.11617611605743015,-0.11011233964670875,0.0037653125371574286,-0.006063776410721408,0.4534817833999263
2020-11-12,-0.0022996234250581603,-0.0015900946711803674,-0.0072453568614578,0.16954653940529774,-0.11776621072861052,-0.11735769650816655,0.005655262190277432,-0.00040851422044396735,0.45167998750760857
2020-11-13,0.005404329015075698,0.008869473480480257,0.0095061526691529,0.17495086842037344,-0.10889673724813026,-0.10785154383901364,-0.0006366791886726429,-0.0010451934091166154,0.44346010268831076
2020-11-16,-0.0008651484119121843,-0.011934533367659329,-0.0044151776692415,0.17408572000846126,-0.12083127061578959,-0.11226672150825515,-0.007519355698417829,-0.008564549107534444,0.4202413735504789
2020-11-17,0.00010521784003851767,-0.001684722537427419,0.0004796133220536,0.1741909378484998,-0.12251599315321701,-0.11178710818620155,-0.002164335859481019,-0.010728884967015462,0.4653198866324154
2020-11-18,-0.002013167911214468,0.006845156921974939,0.0052847575815448,0.1721777699372853,-0.11567083623124208,-0.10650235060465675,0.0015603993404301386,-0.00916848562658533,0.3846650139920101
2020-11-19,-0.0015748926726714147,0.005130906662512267,0.0044297768121089,0.1706028772646139,-0.11053992956872981,-0.10207257379254785,0.0007011298504033666,-0.008467355776181962,0.42598334938434695
2020-11-20,-0.0021501294161536512,0.0023537909662004197,0.0093658338655449,0.16845274784846026,-0.10818613860252939,-0.09270673992700294,-0.00701204289934448,-0.015479398675526446,0.4427177883372604
2020-11-23,0.0003299545525688492,-0.0030815693985013553,-0.003634470409962,0.1687827024010291,-0.11126770800103074,-0.09634121033696494,0.0005529010114606447,-0.0149264976640658,0.3972165272549229
2020-11-24,0.002241714382624558,-0.0162138241823594,-0.0135101761628753,0.17102441678365365,-0.12748153218339014,-0.10985138649984023,-0.0027036480194840996,-0.01763014568354991,0.48117789257151705
2020-11-25,-0.00028491818116578306,-0.005662302205571297,-3.462519077892706e-05,0.17073949860248788,-0.13314383438896144,-0.10988601169061916,-0.00562767701479237,-0.02325782269834227,0.40052400285374656
2020-11-26,0.001116325927471829,0.0003036915440747462,0.0095939089360324,0.1718558245299597,-0.13284014284488668,-0.10029210275458676,-0.009290217391957654,-0.03254804009029992,0.3832314577100468
2020-11-27,-0.00602127805060554,-0.005619951133822903,-0.0038100512127107,0.16583454647935417,-0.1384600939787096,-0.10410215396729747,-0.0018098999211122032,-0.034357940011412125,0.38811547898006016
2020-11-30,0.0013925493278522916,0.015736045818302406,0.0173152095975955,0.16722709580720646,-0.12272404816040719,-0.08678694436970197,-0.0015791637792930933,-0.03593710379070522,0.38778673082095594
2020-12-01,0.0019302770496107257,0.0020562633263769728,-0.0005080321585557,0.16915737285681717,-0.12066778483403022,-0.08729497652825767,0.002564295484932673,-0.03337280830577255,0.3991508909499621
2020-12-02,0.002105434945299934,0.0002853315117388561,-0.0017438427162611,0.1712628078021171,-0.12038245332229136,-0.08903881924451877,0.002029174227999956,-0.03134363407777259,0.4207691160822488
2020-12-03,0.0011936870129774808,0.00782307336151294,0.001365418248261,0.1724564948150946,-0.11255937996077842,-0.08767340099625777,0.006457655113251939,-0.024885978964520647,0.42584598620152453
2020-12-04,0.004000174542491599,0.0001625783275764183,-0.0074170250244826,0.1764566693575862,-0.112396801633202,-0.09509042602074037,0.007579603352059018,-0.017306375612461622,0.4064044439369209
2020-12-07,0.0020561102570742064,0.0017414377572450384,-0.0022377005719433,0.1785127796146604,-0.11065536387595695,-0.09732812659268367,0.003979138329188338,-0.013327237283273285,0.41033000440176826
2020-12-08,0.0028054836459595845,-0.016143538678072066,-0.0140101175905886,0.18131826326061998,-0.126798902554029,-0.11133824418327226,-0.0021334210874834666,-0.015460658370756747,0.4083345715810582
2020-12-09,0.0022488723336379253,0.0030456706453992734,-0.0005113409894583,0.1835671355942579,-0.12375323190862973,-0.11184958517273057,0.0035570116348575733,-0.011903646735899165,0.4337228183866452
2020-12-10,0.0023756824596095484,-0.013001521088852849,-0.0106886168428733,0.18594281805386745,-0.13675475299748258,-0.12253820201560386,-0.0023129042459795485,-0.014216550981878712,0.4482184621049681
2020-12-11,0.0004312123321099538,0.011036984326749549,0.0069466587030214,0.1863740303859774,-0.12571776867073303,-0.11559154331258246,0.004090325623728149,-0.010126225358150567,0.3754924169337971
2020-12-14,-0.0028804255898526067,0.00029735512216077007,0.0004814463842826,0.1834936047961248,-0.12542041354857225,-0.11511009692829986,-0.00018409126212182993,-0.010310316620272389,0.4168173236622242
2020-12-15,-0.00011179998995074667,-0.002133745016350698,-0.0018068635284889,0.18338180480617405,-0.12755415856492294,-0.11691696045678876,-0.00032688148786179805,-0.010637198108134183,0.4369739201931174
2020-12-16,0.0010051365045268088,0.007034983712422608,0.0101035707937773,0.18438694131070085,-0.12051917485250034,-0.10681338966301146,-0.0030685870813546923,-0.013705785189488881,0.3522217045391493
2020-12-17,-0.0007356507403725167,-0.006980631771346181,-0.0033828802993418,0.18365129057032833,-0.12749980662384652,-0.11019626996235327,-0.0035977514720043806,-0.017303536661493257,0.3775689789633814
2020-12-18,0.0023987397709258184,0.014347405245913599,0.0108541993580474,0.18605003034125414,-0.11315240137793292,-0.09934207060430586,0.0034932058878662,-0.01381033077362706,0.36470596677901573
2020-12-21,-0.000761287121221582,-0.015214444978326082,-0.019547165645279,0.18528874322003255,-0.128366846356259,-0.11888923624958486,0.0043327206669529165,-0.00947761010667414,0.4516858915673487
2020-12-22,0.0008199407837006256,0.0038408999152411915,0.0070652215410194,0.18610868400373318,-0.1245259464410178,-0.11182401470856546,-0.003224321625778209,-0.012701931732452348,0.4047273279073682
2020-12-23,0.011322290751889456,-0.012453580495226673,-0.0074182843526976,0.19743097475562263,-0.1369795269362445,-0.11924229906126306,-0.005035296142529073,-0.01773722787498143,0.44859753201163943
2020-12-24,0.003125486216534726,0.006370515069593661,0.0085167205020333,0.20055646097215735,-0.13060901186665083,-0.11072557855922976,-0.0021462054324396396,-0.019883433307421067,0.3900983187072969
2020-12-25,-0.0006785351896332783,-0.009807698719029307,-0.0007712924280191,0.19987792578252406,-0.14041671058568014,-0.11149687098724886,-0.009036406291010206,-0.02891983959843128,0.4702810259884774
2020-12-28,0.00015031234103914185,-0.0024790468576488946,-0.0058847881223426,0.2000282381235632,-0.14289575744332902,-0.11738165910959146,0.003405741264693705,-0.025514098333737564,0.42488678475067365
2020-12-29,-0.00021231459624180152,0.007434476967852767,0.0104136504834467,0.19981592352732142,-0.13546128047547626,-0.10696800862614476,-0.002979173515593932,-0.028493271849331495,0.48078343538387003
2020-12-30,0.001266686107392422,0.017168364432591014,0.0166897130675896,0.20108260963471383,-0.11829291604288525,-0.09027829555855517,0.0004786513650014146,-0.02801462048433008,0.4486549679798579
2020-12-31,0.0,0.0,0.0,0.20108260963471383,-0.11829291604288525,-0.09027829555855517,0.0,-0.02801462048433008,0.4018337758102389
