time,pnl,long_pnl,benchmark_ret,cum_pnl,cum_long_pnl,cum_benchmark_ret,excess_ret,cum_excess_ret,turnover
2018-03-05,0.0,0.0,0.0,0.0,0.0,0.0,0.0,0.0,0.0
2018-03-06,-0.0024061825002629164,-0.003846472993254808,-0.0070490123069344435,-0.0024061825002629164,-0.003846472993254808,-0.0070490123069344435,0.0032025393136796356,0.0032025393136796356,0.3333333333333333
2018-03-07,0.005458355743410509,0.0075092217083779006,0.005462700887921557,0.003052173243147593,0.0036627487151230926,-0.0015863114190128869,0.002046520820456344,0.00524906013413598,0.3333333333333333
2018-03-08,0.012179685803689727,0.024891604194242974,0.01650844886590086,0.015231859046837319,0.028554352909366067,0.014922137446887973,0.008383155328342114,0.013632215462478094,0.33333333333333337
2018-03-09,0.008602217334075136,0.022294892269195805,0.016008627537191344,0.023834076380912457,0.050849245178561875,0.030930764984079318,0.00628626473200446,0.019918480194482557,0.1888854611710532
2018-03-12,0.003387604699063835,-0.003241924502518193,-0.005165488768646753,0.02722168107997629,0.04760732067604368,0.025765276215432564,0.0019235642661285602,0.021842044460611117,0.19965267875349765
2018-03-13,-0.0068018286036377945,-0.015710764954471653,-0.011178277215382337,0.020419852476338495,0.03189655572157203,0.014586999000050227,-0.004532487739089316,0.017309556721521804,0.20058534243091722
2018-03-14,-0.002327130955731868,-0.00504957274260191,-0.0015790309004852787,0.018092721520606626,0.026846982978970122,0.013007968099564948,-0.0034705418421166314,0.013839014879405174,0.2265213411768348
2018-03-15,-0.0024658289099344552,-0.0019488073992171443,-0.002659712566254413,0.015626892610672172,0.024898175579752976,0.010348255533310535,0.0007109051670372687,0.014549920046442441,0.1821334352621004
2018-03-16,0.0007107963064912096,0.0035612067572758617,0.00213937304995504,0.016337688917163383,0.028459382337028837,0.012487628583265575,0.0014218337073208217,0.015971753753763262,0.16560097958753592
2018-03-19,0.0019587798970855603,0.002326125009861121,0.000257030169768413,0.018296468814248942,0.030785507346889958,0.012744658753033988,0.002069094840092708,0.01804084859385597,0.1825904188039903
2018-03-20,0.0005826358731521222,-0.0070183244054992785,-0.007533079285206412,0.018879104687401064,0.02376718294139068,0.005211579467827576,0.0005147548797071336,0.018555603473563102,0.18447556309375912
2018-03-21,-0.0005631578494622396,0.0010886029680037615,-0.000940561509576554,0.018315946837938826,0.02485578590939444,0.004271017958251022,0.0020291644775803155,0.020584767951143418,0.18660374255590512
2018-03-22,0.006773658194511167,-0.05819148592150252,-0.05496650305056505,0.02508960503244999,-0.03333570001210808,-0.05069548509231403,-0.003224982870937469,0.01735978508020595,0.18998693444705503
2018-03-23,-0.002745009776369479,0.015498235730355978,0.017395801752497775,0.022344595256080513,-0.017837464281752105,-0.033299683339816255,-0.001897566022141797,0.01546221905806415,0.17614973273287482
2018-03-26,-0.011185597145977248,0.022855002557513285,0.02509856138528299,0.011158998110103265,0.00501753827576118,-0.008201121954533264,-0.0022435588277697066,0.013218660230294443,0.19002039238884483
2018-03-27,0.0061731723453100525,-0.005464568161421827,-0.006754017820409075,0.01733217045541332,-0.0004470298856606471,-0.014955139774942339,0.0012894496589872483,0.014508109889281692,0.1821614020044717
2018-03-28,0.004900291284114669,0.010241532804764569,0.007267548616669117,0.02223246173952799,0.009794502919103922,-0.0076875911582732215,0.0029739841880954514,0.017482094077377143,0.16597886000671416
2018-03-29,-0.0016132667653283729,0.016432302578484687,0.01696897168034006,0.020619194974199617,0.026226805497588608,0.00928138052206684,-0.0005366691018553749,0.016945424975521768,0.1641956734801616
2018-03-30,0.0012210564931666708,0.0069647252431675934,0.005457651547516207,0.02184025146736629,0.0331915307407562,0.014739032069583047,0.0015070736956513866,0.018452498671173156,0.15648603107659312
2018-04-02,0.0029950233502082264,-0.008800369412197218,-0.00974862426685874,0.024835274817574516,0.024391161328558987,0.004990407802724306,0.0009482548546615229,0.01940075352583468,0.15624003878252826
2018-04-03,0.00738387719412804,-0.006648750512097901,-0.008997529323531595,0.032219152011702556,0.017742410816461086,-0.0040071215208072886,0.002348778811433694,0.021749532337268375,0.15668217056958939
2018-04-04,0.0023950971648876943,0.0024319414197145526,0.0014488698747943118,0.03461424917659025,0.020174352236175638,-0.0025582516460129767,0.0009830715449202407,0.022732603882188614,0.17762807170991696
2018-04-09,0.008634356793775718,0.0027091528123000543,0.0003161445275878805,0.043248605970365964,0.02288350504847569,-0.0022421071184250962,0.002393008284712174,0.025125612166900787,0.1696632170584622
2018-04-10,-0.0017255072811911646,0.006174800366400254,0.005791767594413244,0.0415230986891748,0.029058305414875946,0.003549660475988148,0.00038303277198701007,0.025508644938887798,0.16695686077767294
2018-04-11,-0.0022138323662274726,-0.005797207680559366,-0.004769937310213024,0.03930926632294733,0.02326109773431658,-0.001220276834224876,-0.0010272703703463424,0.024481374568541457,0.16922816003439314
2018-04-12,0.003217038020587019,-0.001021395697518544,-0.0008895328402527269,0.04252630434353435,0.022239702036798037,-0.002109809674477603,-0.0001318628572658171,0.02434951171127564,0.17019897952281715
2018-04-13,-0.0015379925757412942,-0.0036029041924873786,-0.0005553441712464746,0.04098831176779305,0.01863679784431066,-0.0026651538457240775,-0.003047560021240904,0.021301951690034737,0.17741187311938858
2018-04-16,0.00594627474524933,-0.02231010207723865,-0.02307465914851825,0.04693458651304238,-0.0036733042329279916,-0.025739812994242328,0.0007645570712795993,0.022066508761314337,0.16156503729203228
2018-04-17,-0.001796226310719655,0.013747065239051254,0.014607778686755779,0.04513836020232272,0.010073761006123262,-0.011132034307486549,-0.0008607134477045253,0.02120579531360981,0.17396004814139712
2018-04-18,0.0021079709772096077,0.002126969588199682,0.0023689092451064653,0.04724633117953233,0.012200730594322945,-0.008763125062380084,-0.00024193965690678335,0.02096385565670303,0.18077786331563048
2018-04-19,-0.00034195032389487754,-0.025343717165096383,-0.021362521405414725,0.04690438085563745,-0.013142986570773438,-0.03012564646779481,-0.003981195759681658,0.01698265989702137,0.1798140655064347
2018-04-20,0.0031861328656268137,-0.00888111800494042,-0.010681862255038865,0.05009051372126427,-0.022024104575713858,-0.040807508722833674,0.0018007442500984454,0.018783404147119816,0.17688872674028389
2018-04-23,-0.003436449182963554,0.020946363404094257,0.021428832173693735,0.04665406453830071,-0.0010777411716196006,-0.01937867654913994,-0.0004824687695994777,0.01830093537752034,0.18937886294957704
2018-04-24,0.00225232440866688,0.005080733309148489,0.0038425100073844476,0.04890638894696759,0.004002992137528889,-0.015536166541755492,0.0012382233017640418,0.01953915867928438,0.20016358039853024
2018-04-25,-0.010483209280379557,-0.02578510613363762,-0.01848769582756482,0.038423179666588037,-0.021782113996108732,-0.03402386236932031,-0.0072974103060728,0.01224174837321158,0.2084914807286466
2018-04-26,0.0047314620350962025,0.0016643506903330418,0.001000922096114465,0.04315464170168424,-0.02011776330577569,-0.03302294027320585,0.0006634285942185769,0.012905176967430158,0.1952734379546001
2018-04-27,0.0035893580360730057,-0.005658709949821005,-0.004650901344010805,0.046743999737757246,-0.025776473255596694,-0.03767384161721665,-0.0010078086058102004,0.011897368361619958,0.1787568774097388
2018-05-02,-0.0011835207541571527,0.009942998480108316,0.008971730444686798,0.04556047898360009,-0.01583347477548838,-0.028702111172529854,0.0009712680354215172,0.012868636397041475,0.18610345228211583
2018-05-03,0.0032201737381556106,-0.0020242103030723197,-0.0021383755284620776,0.048780652721755705,-0.017857685078560698,-0.03084048670099193,0.00011416522538975791,0.012982801622431234,0.17700178250147
2018-05-04,-0.0005206525977760031,0.01893631943666018,0.017498106131997204,0.0482600001239797,0.0010786343580994825,-0.013342380568994727,0.001438213304662976,0.01442101492709421,0.1720878200648688
2018-05-07,0.005393660151022594,0.009396192561789871,0.004737201065175611,0.05365366027500229,0.010474826919889354,-0.008605179503819116,0.00465899149661426,0.019080006423708468,0.1796212568005797
2018-05-08,-0.00025587836816151486,-0.0005852263486905034,-0.00048457829034198596,0.053397781906840774,0.00988960057119885,-0.009089757794161102,-0.00010064805834851748,0.018979358365359952,0.16740576787301678
2018-05-09,0.0013735787176035058,0.005492307706648663,0.00423103416238213,0.05477136062444428,0.015381908277847514,-0.004858723631778972,0.0012612735442665331,0.020240631909626487,0.15295054676602732
2018-05-10,0.0008555000850195049,-0.011847478037546457,-0.009961778268325006,0.055626860709463787,0.0035344302403010567,-0.014820501900103977,-0.0018856997692214515,0.018354932140405032,0.1625819209621752
2018-05-11,0.0004807047600286692,-0.008836172053812878,-0.0068090085125014355,0.05610756546949246,-0.005301741813511821,-0.021629510412605413,-0.002027163541311442,0.016327768599093594,0.17042032203691607
2018-05-14,-0.002057161241798753,0.010519105674402326,0.010473081138020035,0.05405040422769371,0.005217363860890506,-0.011156429274585378,4.6024536382291426e-05,0.016373793135475885,0.17108137396916237
2018-05-15,-0.0004036389135321438,-0.007162144665729832,-0.005794666290539041,0.053646765314161564,-0.0019447808048393264,-0.01695109556512442,-0.0013674783751907909,0.015006314760285092,0.17487594267822817
2018-05-16,-0.0010166555336414962,-0.00485654607516262,-0.004750522945819569,0.05263010978052007,-0.006801326880001946,-0.021701618510943987,-0.00010602312934305125,0.014900291630942041,0.15724073240163935
2018-05-17,0.004694919543185971,0.008130437341815053,0.0044686168275980265,0.057325029323706034,0.0013291104618131065,-0.01723300168334596,0.0036618205142170263,0.018562112145159067,0.16937060930140113
2018-05-18,0.008547362672665863,0.016800114657235007,0.011468809454063589,0.0658723919963719,0.018129225119048114,-0.005764192229282372,0.005331305203171419,0.023893417348330486,0.17484707550547926
2018-05-21,-0.0008921743563783007,0.003783506477046732,0.004061267511923816,0.0649802176399936,0.021912731596094845,-0.001702924717358556,-0.00027776103487708436,0.0236156563134534,0.1764711473128197
2018-05-22,0.0018178188193612205,-0.009089548198437632,-0.010780947167930321,0.06679803645935482,0.012823183397657213,-0.012483871885288877,0.0016913989694926895,0.025307055282946092,0.17474161949046144
2018-05-23,-0.0046857020622170665,-0.005867443441259943,-0.003582620739795317,0.06211233439713776,0.00695573995639727,-0.016066492625084194,-0.0022848227014646257,0.023022232581481464,0.18695588000147076
2018-05-24,-0.0037154843287367967,-0.015434879321208645,-0.013220088758219006,0.05839685006840096,-0.008479139364811376,-0.0292865813833032,-0.0022147905629896388,0.020807442018491825,0.1964158757684838
2018-05-25,-0.007221368235119669,-0.013464209921228496,-0.00783390591910127,0.051175481833281286,-0.021943349286039873,-0.03712048730240447,-0.005630304002127226,0.015177138016364597,0.18090344014790327
2018-05-28,0.00035583249965815696,-0.010638894152836899,-0.008297651757208868,0.05153131433293944,-0.03258224343887677,-0.04541813905961334,-0.0023412423956280307,0.012835895620736566,0.19196214053759295
2018-05-29,0.0010279194309007974,-0.037452944384615945,-0.03226323944338105,0.05255923376384024,-0.07003518782349272,-0.07768137850299439,-0.005189704941234892,0.007646190679501674,0.19131098378630046
2018-05-30,-0.005015032711457171,0.01119237087513389,0.01319099755269093,0.047544201052383064,-0.05884281694835883,-0.06449038095030346,-0.00199862667755704,0.005647564001944633,0.18787823786728494
2018-05-31,0.002676354119127595,-0.010343276218078302,-0.011376959508785589,0.05022055517151066,-0.06918609316643713,-0.07586734045908905,0.0010336832907072869,0.006681247292651918,0.20378089757597861
2018-06-01,0.0027023348267583036,-0.003572429667580795,-0.004514420039187783,0.05292288999826896,-0.07275852283401793,-0.08038176049827683,0.000941990371606988,0.007623237664258903,0.19206615909470356
2018-06-04,-0.002387766045043198,0.014897296818869919,0.016088805192007172,0.05053512395322576,-0.05786122601514801,-0.06429295530626966,-0.0011915083731372528,0.006431729291121652,0.1833801511038863
2018-06-05,0.0018902232647453549,0.001384568724697133,0.0006417400548279772,0.05242534721797112,-0.05647665729045088,-0.06365121525144168,0.0007428286698691557,0.007174557960990806,0.16531703101305106
2018-06-06,0.0003588856565833671,-0.008049386903406902,-0.007239206785108365,0.052784232874554485,-0.06452604419385778,-0.07089042203655005,-0.0008101801182985365,0.006364377842692268,0.15549480986095793
2018-06-07,-0.0010083184094326677,-0.013634007003777903,-0.011045539170694951,0.051775914465121815,-0.07816005119763568,-0.081935961207245,-0.002588467833082952,0.0037759100096093207,0.14429195363812308
2018-06-08,0.0060571736804216165,-0.007011468657881643,-0.008742224853135028,0.05783308814554343,-0.08517151985551732,-0.09067818606038003,0.0017307561952533846,0.0055066662048627035,0.15875021623111607
2018-06-11,0.0022314401423122144,0.007667896550637026,0.007645692758433853,0.06006452828785564,-0.0775036233048803,-0.08303249330194618,2.2203792203173006e-05,0.00552886999706588,0.15973138054773517
2018-06-12,-0.00980552557195448,-0.026301120425466954,-0.01737991264544725,0.05025900271590116,-0.10380474373034725,-0.10041240594739342,-0.008921207780019706,-0.003392337782953822,0.18153368064393072
2018-06-13,-0.0012154800939320328,-0.007288033049211589,-0.005301945527788732,0.04904352262196913,-0.11109277677955884,-0.10571435147518216,-0.0019860875214228572,-0.005378425304376683,0.17454177343455718
2018-06-14,-0.007687676677713278,-0.029447751714955055,-0.022031919466003913,0.04135584594425585,-0.1405405284945139,-0.12774627094118607,-0.007415832248951142,-0.012794257553327831,0.17413760000856293
2018-06-15,-0.02716741597366166,-0.09280087664693018,-0.07086328290079891,0.01418842997059419,-0.23334140514144408,-0.19860955384198498,-0.021937593746131273,-0.034731851299459104,0.17689744653477174
2018-06-19,0.00022222321544685474,0.00954311029209199,0.011833922938688346,0.014410653186041046,-0.2237982948493521,-0.18677563090329663,-0.002290812646596356,-0.03702266394605547,0.1935879313024086
2018-06-20,-0.008096663016896445,-0.03301317455747225,-0.023786970934661866,0.006313990169144601,-0.25681146940682437,-0.2105626018379585,-0.009226203622810382,-0.04624886756886587,0.19746617331096722
2018-06-21,0.007659904845138254,0.01983936150126163,0.015359733424565647,0.013973895014282856,-0.23697210790556272,-0.19520286841339285,0.004479628076695982,-0.041769239492169874,0.19192828122768932
2018-06-22,-0.0031496509133795707,-0.006422378945170952,-0.005236415896359148,0.010824244100903286,-0.24339448685073367,-0.200439284309752,-0.0011859630488118044,-0.042955202540981674,0.18618766497160533
2018-06-25,0.004033926348423212,0.011750519072910571,0.00836064592121133,0.014858170449326498,-0.2316439677778231,-0.19207863838854067,0.0033898731516992416,-0.03956532938928242,0.1778169150625361
2018-06-26,0.00217675357395085,-0.0063685940556167595,-0.008999025187289789,0.01703492402327735,-0.23801256183343986,-0.20107766357583046,0.002630431131673029,-0.0369348982576094,0.1653162516573661
2018-06-27,-0.007749050457989973,-0.01687077712166435,-0.011881359563041372,0.009285873565287376,-0.2548833389551042,-0.21295902313887183,-0.004989417558622977,-0.04192431581623235,0.16440488247110605
2018-06-28,0.011294278947642813,0.03756644988904411,0.029803321435393215,0.02058015251293019,-0.21731688906606006,-0.1831557017034786,0.007763128453650896,-0.03416118736258145,0.1733672523134855
2018-06-29,-0.0007933313332361084,-0.01052457047934557,-0.012639577917864742,0.019786821179694082,-0.22784145954540563,-0.19579527962134335,0.002115007438519171,-0.03204617992406228,0.18808295318603588
2018-07-02,0.008978529742889565,0.0203319199065119,0.01140048379157399,0.028765350922583647,-0.20750953963889374,-0.18439479582976936,0.00893143611493791,-0.023114743809124372,0.16180714566164675
2018-07-03,-0.0036604653650999545,-0.021190533318929654,-0.01818152638598569,0.02510488555748369,-0.22870007295782338,-0.20257632221575506,-0.0030090069329439632,-0.026123750742068325,0.14554983527287654
2018-07-04,-0.01395200498551448,-0.03548598088380914,-0.027275414448107327,0.011152880571969212,-0.2641860538416325,-0.22985173666386238,-0.00821056643570181,-0.034334317177770135,0.1564178050712168
2018-07-05,-0.000534719914312734,0.004535113900160625,0.004086797741106096,0.010618160657656478,-0.25965093994147187,-0.2257649389227563,0.0004483161590545289,-0.033886001018715584,0.15282819334577075
2018-07-06,0.0045592781159547536,0.022524765875378203,0.020801239491420986,0.015177438773611232,-0.23712617406609365,-0.2049636994313353,0.0017235263839572162,-0.03216247463475835,0.1501447335978348
2018-07-09,0.002943241735434242,0.008361294134812548,0.006765774434850158,0.018120680509045473,-0.2287648799312811,-0.19819792499648514,0.0015955196999623902,-0.03056695493479597,0.15414738931084582
2018-07-10,-0.014433679350679428,-0.03550025201793573,-0.023531706676347852,0.0036870011583660448,-0.26426513194921686,-0.221729631672833,-0.01196854534158788,-0.042535500276383864,0.1510060078862107
2018-07-11,0.008000355115313454,0.030806901547883295,0.026524236807123458,0.011687356273679499,-0.23345823040133357,-0.19520539486570954,0.004282664740759837,-0.03825283553562403,0.14763469651020827
2018-07-12,0.0023987329560509582,0.0012335582331337636,0.003661179755326316,0.014086089229730456,-0.2322246721681998,-0.19154421511038322,-0.0024276215221925523,-0.04068045705781659,0.14992808130372426
2018-07-13,0.002795093906446442,0.0007650143301890397,0.0009478603171668709,0.016881183136176897,-0.23145965783801076,-0.19059635479321635,-0.00018284598697783123,-0.04086330304479441,0.1385095608176941
2018-07-16,0.00520159713954598,0.005636871952650834,0.0015283019920691032,0.02208278027572288,-0.22582278588535992,-0.18906805280114725,0.004108569960581731,-0.036754733084212676,0.14765790234389142
2018-07-17,0.001133341047205924,-0.00405452551848425,-0.005567536072193846,0.0232161213229288,-0.22987731140384418,-0.1946355888733411,0.001513010553709596,-0.03524172253050309,0.1656156023045124
2018-07-18,-0.007419306888258436,-0.017553166961970595,-0.011564708920472455,0.015796814434670365,-0.24743047836581478,-0.20620029779381355,-0.00598845804149814,-0.04123018057200123,0.18769100864962104
2018-07-19,0.0021824285101835874,0.011556913472933469,0.010968104094521536,0.01797924294485395,-0.2358735648928813,-0.195232193699292,0.0005888093784119329,-0.04064137119358929,0.2110200505073682
2018-07-20,-0.0008505483482937996,0.008296462180383246,0.007388936554951542,0.017128694596560152,-0.22757710271249806,-0.18784325714434047,0.000907525625431704,-0.039733845568157594,0.21640655129529165
2018-07-23,0.004778664176286712,0.019991233506689878,0.015978743397537798,0.021907358772846865,-0.20758586920580818,-0.17186451374680267,0.00401249010915208,-0.03572135545900551,0.20479499642146887
2018-07-24,0.0044150791620161615,0.0052433346133839214,0.0023533601352863087,0.026322437934863024,-0.20234253459242427,-0.16951115361151636,0.0028899744780976127,-0.032831380980907904,0.18927469368291883
2018-07-25,-0.0052722830431833805,-0.0029714611210459214,-0.003949069576112407,0.021050154891679645,-0.2053139957134702,-0.17346022318762877,0.0009776084550664858,-0.03185377252584143,0.177365417492074
2018-07-26,-0.0011069052134673706,-0.009883958751326243,-0.005835369189888695,0.019943249678212274,-0.21519795446479645,-0.17929559237751747,-0.0040485895614375475,-0.03590236208727898,0.18047560632258625
2018-07-27,-0.002226376986079666,-0.01857126318302144,-0.01452534332408284,0.01771687269213261,-0.23376921764781788,-0.1938209357016003,-0.004045919858938599,-0.03994828194621758,0.19439234829101087
2018-07-30,-0.0008644128983661887,0.00028269165729801605,-0.0011709603739369356,0.01685245979376642,-0.23348652599051986,-0.19499189607553724,0.0014536520312349516,-0.03849462991498262,0.16469188455480546
2018-07-31,0.00043326201808022293,-0.016106843526855926,-0.015699926419005195,0.017285721811846642,-0.2495933695173758,-0.21069182249454244,-0.0004069171078507315,-0.038901547022833355,0.16976507711406033
2018-08-01,-0.0021727672331098473,-0.03044057880747563,-0.024190368535673912,0.015112954578736796,-0.2800339483248514,-0.23488219103021635,-0.006250210271801719,-0.04515175729463505,0.16279803069569115
2018-08-02,-0.007662573558525786,-0.015001966370189666,-0.013263143713309944,0.00745038102021101,-0.2950359146950411,-0.2481453347435263,-0.0017388226568797217,-0.0468905799515148,0.15844046683596671
2018-08-03,-0.0038985331568888934,-0.024263824214712605,-0.02134428890232165,0.0035518478633221164,-0.3192997389097537,-0.26948962364584794,-0.0029195353123909543,-0.049810115263905774,0.1771438645256366
2018-08-06,-0.0004425563442376282,0.02556316561771643,0.025902470258296617,0.003109291519084488,-0.2937365732920373,-0.24358715338755133,-0.0003393046405801882,-0.05014941990448596,0.1677845511989021
2018-08-07,-0.006349634241842348,-0.02063475113860779,-0.016780416488503036,-0.00324034272275786,-0.3143713244306451,-0.26036756987605436,-0.0038543346501047557,-0.05400375455459072,0.17856031910465894
2018-08-08,0.0038827192481614664,0.022932444234205287,0.022131042661930778,0.0006423765254036065,-0.2914388801964398,-0.23823652721412358,0.0008014015722745092,-0.05320235298231624,0.171348998972278
2018-08-09,0.003261846748000193,0.007949955011034293,0.006400013672623217,0.0039042232734037997,-0.2834889251854055,-0.23183651354150037,0.001549941338411076,-0.05165241164390516,0.1708923351561022
2018-08-10,0.0023702255347918606,0.004698317653084729,0.005065539018881182,0.00627444880819566,-0.2787906075323208,-0.22677097452261918,-0.00036722136579645306,-0.05201963300970164,0.12126485914547935
2018-08-13,-0.003057868290708207,-0.0025473703562386694,-0.0033874604350785376,0.0032165805174874528,-0.28133797788855947,-0.23015843495769772,0.0008400900788398682,-0.05117954293086174,0.11638886731786297
2018-08-14,0.0005101253111823825,-0.01999288897553224,-0.020567347896516708,0.0037267058286698353,-0.3013308668640917,-0.25072578285421443,0.0005744589209844692,-0.05060508400987729,0.12469472090097028
2018-08-15,0.004754481664304516,-0.011238852454813866,-0.012254878004380743,0.008481187492974352,-0.3125697193189056,-0.26298066085859517,0.0010160255495668766,-0.04958905846031042,0.12614824038039535
2018-08-16,0.0034081086577979996,-0.018966676955176197,-0.01832565962604704,0.011889296150772352,-0.33153639627408177,-0.2813063204846422,-0.0006410173291291552,-0.050230075789439554,0.13010155429917444
2018-08-17,0.0003611714674514227,0.0030009271836021543,0.0038138253189963223,0.012250467618223775,-0.3285354690904796,-0.2774924951656459,-0.0008128981353941679,-0.0510429739248337,0.1243121078936176
2018-08-20,-0.003033490951171551,0.00905028458535097,0.011376302418884876,0.009216976667052224,-0.31948518450512864,-0.266116192746761,-0.0023260178335339065,-0.05336899175836762,0.12903191079683551
2018-08-21,0.004409725310264614,-0.01207507561006674,-0.011626136005716603,0.013626701977316838,-0.3315602601151954,-0.2777423287524776,-0.00044893960435013654,-0.053817931362717786,0.1489052535881421
2018-08-22,0.0031098058058543535,0.006953488711782849,0.006051277432026936,0.016736507783171192,-0.32460677140341254,-0.2716910513204507,0.0009022112797559129,-0.05291572008296186,0.15126879668371737
2018-08-23,0.00586272896524878,-0.002024410137673845,-0.0033542650769042837,0.022599236748419974,-0.3266311815410864,-0.27504531639735497,0.0013298549392304388,-0.051585865143731424,0.15354322547488372
2018-08-24,-0.003924898072821224,0.019413540806722307,0.021889037445463444,0.01867433867559875,-0.3072176407343641,-0.2531562789518915,-0.002475496638741137,-0.05406136178247256,0.1669031064245307
2018-08-27,0.002271773719256078,0.0016480308568175503,0.0007916762170445679,0.020946112394854825,-0.30556960987754656,-0.25236460273484695,0.0008563546397729823,-0.0532050071426996,0.15617625914044916
2018-08-28,0.002201458939632089,-0.004684658604440399,-0.005708626796710803,0.023147571334486916,-0.31025426848198695,-0.25807322953155776,0.0010239681922704037,-0.05218103895042919,0.18213826727680502
2018-08-29,0.00593706462522347,-0.014834932453263661,-0.017338211168343776,0.029084635959710385,-0.3250892009352506,-0.27541144069990153,0.0025032787150801143,-0.04967776023534909,0.18085662315193435
2018-08-30,0.00029083334732946987,-0.010783022703429485,-0.011065805151863728,0.029375469307039857,-0.3358722236386801,-0.28647724585176526,0.0002827824484342434,-0.04939497778691482,0.17855219420673424
2018-08-31,-0.005886223739779411,-0.0036330108922157317,-0.0007673389435289835,0.023489245567260446,-0.3395052345308958,-0.28724458479529424,-0.0028656719486867483,-0.05226064973560157,0.18424549087258751
2018-09-03,-0.007229040675346604,0.009546778197156483,0.011614339999404422,0.01626020489191384,-0.3299584563337393,-0.2756302447958898,-0.002067561802247939,-0.0543282115378495,0.1886756004473668
2018-09-04,3.514825554389221e-06,-0.014137392784755736,-0.015897868210240418,0.01626371971746823,-0.34409584911849506,-0.29152811300613024,0.0017604754254846814,-0.052567736112364816,0.20034266263471018
2018-09-05,-0.003948282298868581,-0.0062290472912396875,-0.003980627955959548,0.01231543741859965,-0.35032489640973474,-0.2955087409620898,-0.0022484193352801394,-0.054816155447644954,0.18491057712016667
2018-09-06,6.745583428363367e-05,0.004017004657634626,0.0019482419637384396,0.012382893252883284,-0.34630789175210014,-0.29356049899835135,0.002068762693896186,-0.05274739275374879,0.19470179805047552
2018-09-07,0.0009700614234819974,-0.01953392882475259,-0.019835901951097412,0.013352954676365282,-0.3658418205768527,-0.31339640094944876,0.00030197312634482054,-0.052445419627403955,0.14986163899834137
2018-09-10,-0.004478153958946529,-4.75056345572978e-05,0.00033634059258069726,0.008874800717418752,-0.36588932621141,-0.31306006035686806,-0.00038384622713799507,-0.05282926585454195,0.14292721839173672
2018-09-11,0.001708667755808007,0.0014802030490178198,-0.001116290743309989,0.010583468473226759,-0.3644091231623922,-0.31417635110017805,0.0025964937923278085,-0.05023277206221416,0.1769964692579852
2018-09-12,-0.001277575740356087,0.007723041810054069,0.007766634415473206,0.009305892732870672,-0.35668608135233815,-0.30640971668470485,-4.359260541913698e-05,-0.0502763646676333,0.15580213685550795
2018-09-13,0.0035048553536275195,-0.010245193063111106,-0.010182531818948348,0.01281074808649819,-0.36693127441544926,-0.3165922485036532,-6.266124416275803e-05,-0.050339025911796065,0.14254906171780338
2018-09-14,-0.0014970000499004358,-0.01782172663095073,-0.015683081255565057,0.011313748036597755,-0.3847530010464,-0.33227532975921825,-0.002138645375385672,-0.052477671287181726,0.14102111090803945
2018-09-17,-0.0016195981352798696,0.01825143373572549,0.01759978966050646,0.009694149901317884,-0.3665015673106745,-0.3146755400987118,0.0006516440752190288,-0.05182602721196272,0.1581719546764787
2018-09-18,0.001023206507964427,0.011373819844420947,0.010652405736603754,0.01071735640928231,-0.3551277474662536,-0.30402313436210804,0.0007214141078171928,-0.051104613104145546,0.1789737317227543
2018-09-19,-0.0028626148940097437,-0.00435124398501026,-0.003714547441022731,0.007854741515272566,-0.35947899145126383,-0.30773768180313077,-0.0006366965439875295,-0.05174130964813306,0.16505265955771023
2018-09-20,0.0007228198896044041,0.010839065720912217,0.012065655993273694,0.00857756140487697,-0.34863992573035163,-0.2956720258098571,-0.0012265902723614767,-0.052967899920494554,0.1601367254406003
2018-09-21,0.002646455406918837,-0.002014069723124712,-0.003196801566856422,0.011224016811795808,-0.35065399545347636,-0.2988688273767135,0.0011827318437317102,-0.051785168076762866,0.13511009598417667
2018-09-25,0.0021546742265721014,0.004332472892325081,0.004267184414993963,0.01337869103836791,-0.3463215225611513,-0.29460164296171953,6.528847733111836e-05,-0.05171987959943175,0.12315601547116121
2018-09-26,0.00668521769758982,-0.015094245509460816,-0.014327114231253546,0.02006390873595773,-0.3614157680706121,-0.3089287571929731,-0.0007671312782072705,-0.05248701087763902,0.11757360005622963
2018-09-27,-0.0011345428826167391,0.007207322711570754,0.008372575480942501,0.01892936585334099,-0.35420844535904134,-0.3005561817120306,-0.0011652527693717472,-0.053652263647010756,0.12217949447128108
2018-09-28,0.006776734628045005,-0.03336179665601956,-0.03464786911373707,0.025706100481385996,-0.3875702420150609,-0.33520405082576765,0.0012860724577175159,-0.052366191189293254,0.1432292386702301
2018-10-08,-0.0016399472842437068,0.0012675613025681688,0.00026963005150193453,0.02406615319714229,-0.38630268071249274,-0.3349344207742657,0.0009979312510662343,-0.05136825993822702,0.14828998440475505
2018-10-09,0.003137020693548056,0.0019595653279922505,-0.0013094582922370535,0.027203173890690345,-0.3843431153845005,-0.33624387906650277,0.003269023620229304,-0.04809923631799773,0.16253366876065398
2018-10-10,0.003809622845495287,-0.07758695357213713,-0.07681348157424672,0.031012796736185632,-0.46193006895663763,-0.4130573606407495,-0.000773471997890407,-0.048872708315888136,0.16695631045384562
2018-10-11,0.003601517640954618,-0.010131342066829998,-0.006512193127505839,0.03461431437714025,-0.4720614110234676,-0.41956955376825533,-0.0036191489393241592,-0.05249185725521227,0.1723844674035461
2018-10-12,0.007169725450124377,-0.009609704869531976,-0.015663215146130227,0.04178403982726463,-0.4816711158929996,-0.43523276891438556,0.006053510276598251,-0.04643834697861404,0.1755658388248048
2018-10-15,0.0009900815429516247,-0.019720384586365203,-0.022668122081030972,0.04277412137021625,-0.5013915004793648,-0.45790089099541653,0.002947737494665769,-0.04349060948394823,0.18724848192087906
2018-10-16,0.005390396147337831,0.010997116451400417,0.007254108613031107,0.04816451751755408,-0.49039438402796437,-0.4506467823823854,0.0037430078383693093,-0.039747601645578945,0.2044677976229558
2018-10-17,0.005156104027816611,-0.032577322894836835,-0.033824209009619466,0.05332062154537069,-0.5229717069228013,-0.4844709913920049,0.0012468861147826305,-0.03850071553079637,0.20651075725370083
2018-10-18,0.002615622162557756,0.023195194931565386,0.0218797491835776,0.05593624370792845,-0.49977651199123585,-0.4625912422084273,0.0013154457479877847,-0.03718526978280856,0.19087783537703298
2018-10-19,0.001665766398239237,0.0493136035233804,0.04866479408407187,0.05760201010616769,-0.45046290846785547,-0.4139264481243554,0.0006488094393085272,-0.036536460343500055,0.18034305223791047
2018-10-22,-0.004895127276780578,-0.016260861227133973,-0.016685810456916528,0.05270688282938711,-0.46672376969498947,-0.43061225858127194,0.00042494922978255495,-0.03611151111371752,0.17883255139535864
2018-10-23,0.0016886153241018088,0.0017231685128832755,-0.0003437404655866061,0.054395498153488916,-0.4650006011821062,-0.43095599904685855,0.0020669089784698816,-0.034044602135247626,0.17062631788822966
2018-10-24,-0.0009061970247748092,-0.008262180581892454,-0.007388352090723416,0.053489301128714105,-0.4732627817639986,-0.43834435113758197,-0.0008738284911690378,-0.03491843062641664,0.16812492071231494
2018-10-25,0.008999812005793351,0.008861747849810071,0.0032504618183661904,0.06248911313450746,-0.4644010339141885,-0.4350938893192158,0.0056112860314438805,-0.029307144594972745,0.14978101799982976
2018-10-26,-0.0003107378000691827,-0.013387708072478171,-0.014504446167419971,0.06217837533443828,-0.4777887419866667,-0.44959833548663575,0.0011167380949418,-0.028190406500030962,0.15871005984243772
2018-10-29,0.0026180903793437027,0.011033807555649644,0.009255038005537841,0.06479646571378198,-0.46675493443101707,-0.4403432974810979,0.0017787695501118028,-0.02641163694991916,0.15460559531651882
2018-10-30,0.005570441593658752,0.017226807770598887,0.014641803376814977,0.07036690730744073,-0.4495281266604182,-0.42570149410428293,0.00258500439378391,-0.023826632556135263,0.145545073198194
2018-10-31,0.0029821587219182356,0.00834915193484845,0.006370411498542339,0.07334906602935896,-0.4411789747255697,-0.4193310826057406,0.0019787404363061107,-0.021847892119829126,0.146395774176482
2018-11-01,0.005792174572659669,0.0311269940642758,0.030123928579055104,0.07914124060201863,-0.4100519806612939,-0.3892071540266855,0.0010030654852206979,-0.020844826634608404,0.13852168709100185
2018-11-02,0.0009838444853534087,0.01033276346900803,0.007426926863747241,0.08012508508737204,-0.39971921719228587,-0.38178022716293825,0.0029058366052607896,-0.017938990029347623,0.13795692310294316
2018-11-05,0.0002892880645059681,-0.00011169218549182114,0.0010666960737850673,0.08041437315187801,-0.3998309093777777,-0.3807135310891532,-0.0011783882592768884,-0.01911737828862453,0.1479269218654033
2018-11-06,-0.0011794582580041664,-0.002397230794923846,-0.00223426853444586,0.07923491489387384,-0.40222814017270153,-0.38294779962359904,-0.00016296226047798597,-0.019280340549102493,0.16508427262739783
2018-11-07,0.0017932342673856463,-0.0017272000870850067,-0.004464147780245398,0.08102814916125949,-0.4039553402597865,-0.38741194740384444,0.002736947693160391,-0.016543392855942085,0.17950826858144892
2018-11-08,-0.004535879415899665,-0.004130820972741216,-0.0024448884746295363,0.07649226974535982,-0.4080861612325277,-0.389856835878474,-0.0016859324981116797,-0.01822932535405375,0.1799209029807448
2018-11-09,0.004155196800187909,0.032778551910492656,0.029409094007878167,0.08064746654554772,-0.37530760932203505,-0.3604477418705958,0.0033694579026144894,-0.014859867451439246,0.17652633595335152
2018-11-12,0.0029069264292063057,0.020834782625694593,0.019626329898743577,0.08355439297475402,-0.35447282669634045,-0.34082141197185223,0.0012084527269510155,-0.01365141472448822,0.19793652768955664
2018-11-13,-6.676234455165387e-05,0.0015304620419945062,0.00016233071456817072,0.08348763063020237,-0.3529423646543459,-0.34065908125728406,0.0013681313274263355,-0.012283283397061862,0.20533364293252795
2018-11-14,0.0021620187355795456,0.018263634452487167,0.016531238891584366,0.08564964936578191,-0.33467873020185873,-0.3241278423656997,0.001732395560902801,-0.01055088783615904,0.21397409350585317
2018-11-15,-0.006388549205287984,0.00946996542037037,0.0108008591298141,0.07926110016049392,-0.32520876478148836,-0.3133269832358856,-0.0013308937094437291,-0.011881781545602765,0.214628664175618
2018-11-16,0.0064441562891216645,0.006576361814301172,0.003751231495787266,0.08570525644961559,-0.3186324029671872,-0.3095757517400983,0.0028251303185139057,-0.009056651227088874,0.21259455772315863
2018-11-19,0.0006741705437399577,-0.026336597350460244,-0.026781423776723656,0.08637942699335555,-0.34496900031764743,-0.336357175516822,0.0004448264262634123,-0.008611824800825452,0.21882139140107607
2018-11-20,-0.00627222291403207,0.0048547426914023915,0.0072791913035938904,0.08010720407932348,-0.34011425762624503,-0.3290779842132281,-0.002424448612191499,-0.01103627341301694,0.19767457609937228
2018-11-21,0.002600331576370258,0.003910609176046369,0.0006382482984719218,0.08270753565569373,-0.3362036484501987,-0.32843973591475617,0.0032723608775744473,-0.007763912535442508,0.1872179249050198
2018-11-22,0.0030895860313839146,-0.04566608534985227,-0.043835119310219994,0.08579712168707765,-0.38186973380005096,-0.37227485522497616,-0.001830966039632273,-0.009594878575074794,0.16399045419273528
2018-11-23,-0.003903622551266979,-0.003772488293502781,-0.001808072282443618,0.08189349913581068,-0.38564222209355375,-0.3740829275074198,-0.001964416011059163,-0.011559294586133972,0.17881828187867574
2018-11-26,0.0014362805865629226,0.00805054287276957,0.008148561139552868,0.0833297797223736,-0.3775916792207842,-0.3659343663678669,-9.801826678329864e-05,-0.011657312852917268,0.17967354132188942
2018-11-27,0.012502288583151652,0.016170084924071397,0.012113056359806862,0.09583206830552525,-0.3614215942967128,-0.35382131000806005,0.004057028564264535,-0.0076002842886527255,0.1701311668950307
2018-11-28,0.00028721370396749425,-0.024722749319653594,-0.02380349967059736,0.09611928200949274,-0.38614434361636635,-0.3776248096786574,-0.0009192496490562328,-0.008519533937708934,0.17028849107550653
2018-11-29,0.005877779149961264,0.008489236051523078,0.006655961867842564,0.101997061159454,-0.3776551075648433,-0.37096884781081485,0.0018332741836805146,-0.006686259754028423,0.16918781231503993
2018-11-30,0.0004323152445062185,0.032430139303301554,0.032617033507197135,0.10242937640396023,-0.3452249682615417,-0.3383518143036177,-0.00018689420389558092,-0.006873153957923983,0.16895327993556877
2018-12-03,-0.0008741004696840471,0.00911386540247436,0.00909502443247412,0.10155527593427618,-0.3361111028590673,-0.3292567898711436,1.8840970000240723e-05,-0.006854312987923716,0.16803555151566898
2018-12-04,0.005682358907338719,-0.004886549916739454,-0.006039015260901337,0.1072376348416149,-0.3409976527758068,-0.33529580513204493,0.001152465344161883,-0.005701847643761859,0.1670365485500173
2018-12-05,0.007413497911174575,-0.014152484798734757,-0.01803141896468219,0.11465113275278947,-0.35515013757454156,-0.3533272240967271,0.0038789341659474317,-0.0018229134778144362,0.17637791707081002
2018-12-06,0.0006011861820520695,0.0007868223873489713,0.0002090498514366601,0.11525231893484154,-0.3543633151871926,-0.35311817424529046,0.0005777725359123112,-0.0012451409419021453,0.19616002747288785
2018-12-07,-0.0019143696141492048,-0.013488305257081615,-0.011752635695952307,0.11333794932069234,-0.3678516204442742,-0.36487080994124277,-0.0017356695611293084,-0.0029808105030314502,0.19842799293727936
2018-12-10,0.0020131475563196642,0.011285017881854344,0.009333622423188359,0.115351096877012,-0.3565666025624199,-0.3555371875180544,0.0019513954586659853,-0.0010294150443654893,0.189107705672171
2018-12-11,0.001697018280033831,0.0007442334174537456,-0.00034907283485097196,0.11704811515704583,-0.3558223691449662,-0.3558862603529054,0.0010933062523047175,6.3891207939204e-05,0.1812298926938049
2018-12-12,0.0008877584769289538,0.008059934960052527,0.009469054288491208,0.11793587363397479,-0.34776243418491365,-0.3464172060644142,-0.0014091193284386811,-0.0013452281204994754,0.18705597414757547
2018-12-13,-0.005574091326002772,-0.029193402605776693,-0.0259069813173447,0.11236178230797202,-0.37695583679069034,-0.3723241873817589,-0.0032864212884319913,-0.00463164940893146,0.18444945356700138
2018-12-14,0.0010649373583232309,0.0013206689499167638,-0.0031631736508703767,0.11342671966629525,-0.37563516784077355,-0.37548736103262925,0.0044838426007871406,-0.0001478068081443018,0.17049257881969165
2018-12-17,0.004814827391479694,-0.003383419129265101,-0.006638952634659745,0.11824154705777494,-0.37901858697003865,-0.382126313667289,0.003255533505394644,0.003107726697250346,0.18438872547521776
2018-12-18,0.00013861750171588786,-0.011640611088908152,-0.01384765954552769,0.11838016455949082,-0.3906591980589468,-0.3959739732128167,0.0022070484566195387,0.005314775153869911,0.21628948564332146
2018-12-19,0.003529646292278315,0.006710221899219495,0.0037870833305255758,0.12190981085176913,-0.3839489761597273,-0.3921868898822911,0.002923138568693919,0.008237913722563828,0.21615130762753076
2018-12-20,0.00251634347322435,-0.005773940470604662,-0.007237820594117039,0.12442615432499349,-0.38972291663033193,-0.39942471047640815,0.0014638801235123773,0.009701793846076223,0.18230981787290446
2018-12-21,0.0005303156329251959,0.007157915820933338,0.008932885725965178,0.12495646995791869,-0.3825650008093986,-0.390491824750443,-0.0017749699050318406,0.00792682394104438,0.17648864350627091
2018-12-24,-0.0011737065154151143,-0.012965711797956123,-0.009633098531972806,0.12378276344250358,-0.39553071260735473,-0.4001249232824158,-0.003332613265983317,0.00459421067506105,0.1868444247437501
2018-12-25,0.004487559434005992,-0.0011200181872222884,-0.004466594876472385,0.12827032287650958,-0.396650730794577,-0.40459151815888816,0.0033465766892500966,0.007940787364311142,0.18140810537045896
2018-12-26,-0.008417008215840422,-0.02254951727355168,-0.01566199088918374,0.11985331466066916,-0.4192002480681287,-0.4202535090480719,-0.006887526384367938,0.0010532609799431825,0.1735076031091931
2018-12-27,0.003608603851138904,0.002353376689737013,0.0012130765965281398,0.12346191851180806,-0.4168468713783917,-0.41904043245154377,0.0011403000932088733,0.0021935610731520505,0.18627541485216517
2018-12-28,-0.0008629178736854462,-0.0030686522237525337,-0.004864744744491389,0.12259900063812261,-0.41991552360214424,-0.42390517719603515,0.0017960925207388557,0.003989653593890918,0.17942256201908754
2019-01-02,0.005899729346022678,-0.003906403897101559,-0.007209050693329999,0.1284987299841453,-0.4238219274992458,-0.43111422788936515,0.00330264679622844,0.007292300390119355,0.18334737443676147
2019-01-03,0.011314226916567591,0.032737169589303505,0.027277970536404794,0.13981295690071288,-0.3910847579099423,-0.40383625735296036,0.005459199052898711,0.012751499443018066,0.17425777685125995
2019-01-04,0.006763391319550214,0.023635397066961005,0.021174231613761307,0.1465763482202631,-0.3674493608429813,-0.38266202573919905,0.002461165453199698,0.015212664896217754,0.19668483770867723
2019-01-07,0.004210237436328684,0.0006032923596658033,-0.001986169200630883,0.15078658565659178,-0.36684606848331547,-0.38464819493982993,0.002589461560296686,0.017802126456514467,0.2153130823127073
2019-01-08,0.0030734077983514702,0.003971655378452163,0.0021146504889717477,0.15385999345494325,-0.3628744131048633,-0.3825335444508582,0.0018570048894804153,0.019659131345994896,0.20552703468554423
2019-01-09,-0.0033351600449876713,-0.0037716685272587993,-0.0026708971888265154,0.15052483340995557,-0.3666460816321221,-0.3852044416396847,-0.0011007713384322839,0.018558360007562613,0.1874293851797615
2019-01-10,4.7336159630963594e-05,0.008307559499545727,0.008502355020258534,0.15057216956958652,-0.3583385221325764,-0.37670208661942617,-0.00019479552071280729,0.01836356448684978,0.18749527902092852
2019-01-11,-0.0027740014711129506,-0.007344564131571795,-0.0059508188635017945,0.14779816809847357,-0.3656830862641482,-0.38265290548292796,-0.0013937452680700003,0.01696981921877977,0.18491997177123107
2019-01-14,0.004886493728444311,0.012755523660866816,0.010819410902016102,0.1526846618269179,-0.3529275626032814,-0.37183349458091186,0.0019361127588507134,0.018905931977630464,0.1695537144255518
2019-01-15,0.003400768981244248,0.00034729649931093817,-0.0015018486314648527,0.15608543080816215,-0.3525802661039705,-0.3733353432123767,0.0018491451307757908,0.02075507710840624,0.16874083911672402
2019-01-16,0.0017404781436756692,-0.00899858552427465,-0.009034636209930724,0.15782590895183782,-0.3615788516282451,-0.38236997942230744,3.6050685656074596e-05,0.020791127794062336,0.17949010983595043
2019-01-17,0.004435193461549711,0.006935656031187478,0.0067064066707889225,0.16226110241338754,-0.35464319559705765,-0.3756635727515185,0.00022924936039855556,0.021020377154460868,0.18667600994465985
2019-01-18,0.003373745048503281,0.007697944209797545,0.0061838321603762125,0.1656348474618908,-0.3469452513872601,-0.3694797405911423,0.0015141120494213322,0.02253448920388218,0.18151930889480108
2019-01-21,0.002358285954098819,-0.009881786205496906,-0.011213326276042324,0.16799313341598962,-0.356827037592757,-0.3806930668671846,0.0013315400705454176,0.023866029274427603,0.18380831589673854
2019-01-22,-0.002991326787551125,-0.0006730109026162365,0.0014044261022441162,0.1650018066284385,-0.35750004849537326,-0.3792886407649405,-0.0020774370048603527,0.021788592269567253,0.17598161673863888
2019-01-23,0.003680016881540406,0.006554894013136203,0.005640667605446126,0.1686818235099789,-0.35094515448223706,-0.3736479731594944,0.0009142264076900776,0.02270281867725732,0.18443285234723
2019-01-24,0.000794678646716305,-0.008550775262322624,-0.0060154716399853925,0.1694765021566952,-0.3594959297445597,-0.3796634447994798,-0.0025353036223372313,0.020167515054920093,0.17475363558716003
2019-01-25,0.0025762900622288186,-0.009603596574451501,-0.008181390766456076,0.17205279221892403,-0.36909952631901116,-0.38784483556593585,-0.001422205807995425,0.01874530924692469,0.181324513927314
2019-01-28,0.0041565988213806025,-0.018322881896704182,-0.017736448581528563,0.17620939104030464,-0.38742240821571533,-0.4055812841474644,-0.000586433315175619,0.018158875931749086,0.19321157202687536
2019-01-29,0.0024021120816935353,-0.015729691242748155,-0.015015271074853231,0.17861150312199817,-0.4031520994584635,-0.42059655522231765,-0.000714420167894924,0.017444455763854172,0.21000542782628243
2019-01-30,-0.003944197622993975,-0.020512585767479642,-0.015355259517081166,0.1746673054990042,-0.42366468522594314,-0.4359518147393988,-0.0051573262503984765,0.012287129513455675,0.21560464743448507
2019-01-31,0.004836630025370081,0.03000992283481347,0.028795611898468465,0.17950393552437427,-0.3936547623911297,-0.40715620284093035,0.0012143109363450047,0.013501440449800672,0.20526826355715458
2019-02-01,0.005407776030898157,0.03030652439032228,0.028335511882730202,0.18491171155527242,-0.3633482380008074,-0.37882069095820015,0.001971012507592077,0.015472452957392746,0.23083651869550492
2019-02-11,0.007567079172559142,0.01790182558241626,0.01377381938684863,0.19247879072783156,-0.34544641241839114,-0.3650468715713515,0.004128006195567632,0.01960045915296038,0.21545890777525079
2019-02-12,0.007905828748030285,0.022104321101074787,0.017812511533353614,0.20038461947586184,-0.32334209131731634,-0.3472343600379979,0.004291809567721173,0.023892268720681564,0.1938156612808231
2019-02-13,0.004214871364923221,0.007545545017726147,0.004238743485574403,0.20459949084078505,-0.3157965462995902,-0.3429956165524235,0.0033068015321517435,0.0271990702528333,0.15582326849788738
2019-02-14,0.0018494117279011704,0.0006396196881164408,-0.0013669672963825263,0.20644890256868623,-0.31515692661147376,-0.344362583848806,0.002006586984498967,0.02920565723733226,0.14798084944421863
2019-02-15,0.00977053908226754,0.03923392251302288,0.034864522693005995,0.21621944165095378,-0.2759230040984509,-0.30949806115580003,0.004369399820016884,0.033575057057349145,0.1613948239879851
2019-02-18,0.006972853425156634,0.010711739501247394,0.004214397271095294,0.2231922950761104,-0.2652112645972035,-0.30528366388470474,0.0064973422301521,0.040072399287501226,0.16034375788652389
2019-02-19,0.006717330963725123,0.004090902676031834,0.000662243377338001,0.22990962603983553,-0.26112036192117166,-0.30462142050736674,0.0034286592986938333,0.043501058586195074,0.1639532357557282
2019-02-20,0.0004389685412284014,-0.003677620505612332,-0.003909635141754464,0.23034859458106394,-0.264797982426784,-0.3085310556491212,0.00023201463614213203,0.043733073222337215,0.17975294484748025
2019-02-21,0.007810092694816744,0.026419744960364127,0.022355149241992223,0.2381586872758807,-0.23837823746641987,-0.286175906407129,0.004064595718371904,0.04779766894070911,0.1893205620080934
2019-02-22,0.011623172745969253,0.0545849569002285,0.05100182938014264,0.24978186002184993,-0.18379328056619137,-0.23517407702698634,0.0035831275200858617,0.051380796460794964,0.19465902744682984
2019-02-25,0.007447806200941712,0.003616702445300283,-9.197967569285481e-05,0.25722966622279164,-0.18017657812089108,-0.2352660567026792,0.003708682120993138,0.055089478581788115,0.1932785954339421
2019-02-26,0.007493067467756484,0.0014926611523569506,-0.0025358034190077205,0.2647227336905481,-0.17868391696853414,-0.23780186012168691,0.0040284645713646716,0.059117943153152774,0.20524003449224454
2019-02-27,0.007356670127257469,0.008275695205716723,0.003771347094723154,0.2720794038178056,-0.17040822176281742,-0.23403051302696376,0.0045043481109935685,0.06362229126414634,0.22886019892895856
2019-02-28,-0.0051305005644492864,0.002942962348040279,0.006363338467725299,0.2669489032533563,-0.16746525941477713,-0.22766717455923846,-0.0034203761196850203,0.060201915144461327,0.23645400224847193
2019-03-01,-0.001768800594663136,0.01896093849974575,0.021746232933098852,0.2651801026586932,-0.14850432091503138,-0.2059209416261396,-0.002785294433353104,0.05741662071110823,0.21914645959053175
2019-03-04,0.0061070951718476575,0.033556559655507384,0.030892896083425825,0.27128719783054084,-0.114947761259524,-0.17502804554271378,0.0026636635720815593,0.06008028428318979,0.18917423232973815
2019-03-05,0.0013087158162065884,0.022445861924743755,0.02146253429039824,0.2725959136467474,-0.09250189933478024,-0.15356551125231555,0.0009833276343455162,0.0610636119175353,0.19553606213321886
2019-03-06,0.0027344754435665547,0.018099056722923577,0.017217152697520888,0.27533038909031393,-0.07440284261185667,-0.13634835855479466,0.0008819040254026897,0.061945515942937984,0.19774002954924305
2019-03-07,-0.0007082769436166667,-0.04332940344531265,-0.042398294775448875,0.27462211214669724,-0.11773224605716932,-0.17874665333024353,-0.0009311086698637755,0.06101440727307421,0.2113242938090465
2019-03-08,0.009098944851649159,0.04475513427280206,0.042235723852588336,0.2837210569983464,-0.07297711178436726,-0.1365109294776552,0.0025194104202137246,0.06353381769328793,0.21618784532032295
2019-03-11,0.0013194931636060507,0.02193501887239816,0.02185411337556431,0.28504055016195246,-0.0510420929119691,-0.11465681610209089,8.090549683385101e-05,0.06361472319012179,0.221201627618791
2019-03-12,0.014022710780286994,-0.014797118598643941,-0.023507646992738884,0.29906326094223945,-0.06583921151061305,-0.13816446309482977,0.008710528394094943,0.07232525158421672,0.19502579700988018
2019-03-13,0.0065479640266653235,-0.02763526143311508,-0.030755158709034447,0.30561122496890475,-0.09347447294372813,-0.16891962180386422,0.003119897275919367,0.07544514886013609,0.206981354493683
2019-03-14,0.005204318004803806,0.016945372624368852,0.015377548156084941,0.31081554297370856,-0.07652910031935928,-0.15354207364777928,0.0015678244682839106,0.07701297332842,0.21743972156974234
2019-03-15,0.009784359090637651,0.02707385831616572,0.023815307638752614,0.3205999020643462,-0.04945524200319355,-0.12972676600902666,0.003258550677413107,0.08027152400583311,0.19805974961764208
2019-03-18,0.004908609768923379,0.005909801845370195,0.004311755120621541,0.32550851183326956,-0.043545440157823356,-0.12541501088840512,0.001598046724748654,0.08186957073058176,0.20572860765744932
2019-03-19,-0.00040618899753687025,-0.0028379071636576046,-0.0026523265564595278,0.3251023228357327,-0.04638334732148096,-0.12806733744486465,-0.00018558060719807683,0.08168399012338369,0.17293515075339705
2019-03-20,0.000701769218049652,0.010460258204920095,0.010819965953382749,0.32580409205378236,-0.03592308911656086,-0.1172473714914819,-0.00035970774846265374,0.08132428237492104,0.1859487891065233
2019-03-21,0.0040410650810367545,0.005478486244267005,0.00398283451677095,0.3298451571348191,-0.030444602872293856,-0.11326453697471095,0.0014956517274960553,0.08281993410241709,0.18738426676529069
2019-03-22,0.00039786859044981427,-0.00957156700112703,-0.00886961129699948,0.3302430257252689,-0.04001616987342089,-0.12213414827171043,-0.0007019557041275503,0.08211797839828955,0.17920878279743477
2019-03-25,-0.002217251877054456,-0.030633977266444415,-0.02946225347363729,0.32802577384821446,-0.07065014713986531,-0.15159640174534772,-0.001171723792807125,0.08094625460548241,0.18038297414300117
2019-03-26,-0.005233129880308926,0.0036042948516780797,0.0065721238109670566,0.3227926439679055,-0.06704585228818723,-0.14502427793438066,-0.002967828959288977,0.07797842564619344,0.1986165523562067
2019-03-27,0.007702281610619067,-0.010764932537386366,-0.013592907873633209,0.3304949255785246,-0.07781078482557359,-0.15861718580801387,0.002827975336246843,0.08080640098244028,0.20944103660035715
2019-03-28,0.00822749730430562,0.02909185841919195,0.028022666471258617,0.3387224228828302,-0.04871892640638164,-0.13059451933675525,0.0010691919479333331,0.08187559293037361,0.21383753189938312
2019-03-29,0.005420345865561558,0.039255408737940756,0.037604635000255016,0.3441427687483918,-0.009463517668440884,-0.09298988433650024,0.00165077373768574,0.08352636666805935,0.19620152245558373
2019-04-01,0.003451956178206009,0.008148990743719655,0.0060440175281932795,0.34759472492659776,-0.0013145269247212283,-0.08694586680830696,0.002104973215526376,0.08563133988358573,0.1793336271829315
2019-04-02,0.003849768671300298,0.011221044694318517,0.010002340730247639,0.3514444935978981,0.009906517769597289,-0.07694352607805932,0.0012187039640708785,0.08685004384765661,0.17891004530423524
2019-04-03,-0.0014403884807337002,0.0010041940285859183,0.0036894244102061435,0.3500041051171644,0.010910711798183207,-0.07325410166785318,-0.0026852303816202253,0.08416481346603638,0.18818954940311658
2019-04-04,-0.0024233104491998008,-0.0062585766287592765,-0.004780621208452018,0.3475807946679646,0.0046521351694239306,-0.0780347228763052,-0.0014779554203072582,0.08268685804572913,0.19952864525500866
2019-04-08,0.004538625392977779,0.005947000601919806,0.002439666458665002,0.3521194200609424,0.010599135771343736,-0.0755950564176402,0.003507334143254804,0.08619419218898393,0.1998472189714711
2019-04-09,0.006033983550686215,0.002054949938247446,-0.0015584318389745277,0.3581534036116286,0.012654085709591182,-0.07715348825661472,0.0036133817772219736,0.08980757396620591,0.22081787788390111
2019-04-10,0.006488467377688836,-0.01539827728463577,-0.02086446656614882,0.36464187098931744,-0.0027441915750445883,-0.09801795482276354,0.0054661892815130505,0.09527376324771895,0.2239719947650064
2019-04-11,0.003996193585639294,-0.0008711921515341559,-0.0009412234286951815,0.36863806457495674,-0.003615383726578744,-0.09895917825145872,7.00312771610256e-05,0.09534379452487998,0.2385081636805979
2019-04-12,0.0012309170442859373,-0.008752161293673871,-0.00808873999646842,0.3698689816192427,-0.012367545020252616,-0.10704791824792714,-0.0006634212972054521,0.09468037322767453,0.21365990412428199
2019-04-15,-0.0017507966033576269,0.01776658444342536,0.02088856723367094,0.36811818501588506,0.005399039423172745,-0.0861593510142562,-0.0031219827902455796,0.09155839043742894,0.19894159098153277
2019-04-16,0.001625274154382725,0.01054447643987872,0.008749932787742054,0.3697434591702678,0.015943515863051465,-0.07740941822651415,0.0017945436521366667,0.09335293408956562,0.20915803778015452
2019-04-17,-0.0025034577331680963,-0.006610457998996438,-0.00502794520170724,0.3672400014370997,0.009333057864055028,-0.08243736342822139,-0.0015825127972891977,0.09177042129227642,0.19475365744495624
2019-04-18,-0.0002320255437666846,0.007061973000571324,0.0084134053506979,0.367007975893333,0.01639503086462635,-0.07402395807752349,-0.0013514323501265758,0.09041898894214984,0.18455522861162824
2019-04-19,0.004583903391179241,-0.010447510762892217,-0.010140022896665712,0.37159187928451226,0.0059475201017341345,-0.0841639809741892,-0.0003074878662265041,0.09011150107592333,0.18854263228177212
2019-04-22,0.015163565014104489,-0.012998826617275028,-0.018561752622606065,0.38675544429861675,-0.007051306515540893,-0.10272573359679527,0.005562926005331037,0.09567442708125437,0.1781040813263766
2019-04-23,-0.004446602787140126,0.00825498884148695,0.012283575363113641,0.3823088415114766,0.0012036823259460577,-0.09044215823368162,-0.00402858652162669,0.09164584055962768,0.19424123202690471
2019-04-24,0.01279676598536858,-0.03597057271793546,-0.04206667654423413,0.3951056074968452,-0.0347668903919894,-0.13250883477791575,0.006096103826298667,0.09774194438592634,0.2089137726043372
2019-04-25,0.0009605347958859643,-0.011958867344953923,-0.01116899507375635,0.3960661422927312,-0.046725757736943326,-0.1436778298516721,-0.0007898722711975736,0.09695207211472878,0.20002048088229493
2019-04-26,0.012738731955042033,-0.03353980639317832,-0.03699392882196939,0.40880487424777323,-0.08026556413012165,-0.1806717586736415,0.003454122428791069,0.10040619454351984,0.20062431311103102
2019-04-29,0.009273909692568623,0.013433124673895286,0.0105711341632162,0.41807878394034187,-0.06683243945622636,-0.1701006245104253,0.002861990510679086,0.10326818505419894,0.199565195654734
2019-04-30,-0.002393899560849302,-0.07756121855813276,-0.07972069879001609,0.4156848843794926,-0.1443936580143591,-0.24982132330044138,0.0021594802318833234,0.10542766528608227,0.1959267198979141
2019-05-06,0.003803664242069161,0.012882476010189181,0.012437715654863624,0.41948854862156176,-0.13151118200416992,-0.23738360764557775,0.0004447603553255578,0.10587242564140784,0.19021968178991744
2019-05-07,0.007594143663118267,0.0010215795462730152,-0.0037245963870233822,0.42708269228468004,-0.1304896024578969,-0.24110820403260114,0.004746175933296398,0.11061860157470424,0.19205946554164283
2019-05-08,0.008020988209292184,-0.006308395128019466,-0.010430925460584106,0.43510368049397224,-0.13679799758591638,-0.25153912949318524,0.00412253033256464,0.11474113190726887,0.2069179147641744
2019-05-09,-0.0012344785851110577,0.034079971214419386,0.03888813137265501,0.4338692019088612,-0.10271802637149699,-0.21265099812053023,-0.004808160158235625,0.10993297174903324,0.1989875672612088
2019-05-10,-0.006036771866693804,-0.009811360779578698,-0.007356199680605968,0.42783243004216737,-0.11252938715107569,-0.2200071978011362,-0.00245516109897273,0.10747781065006051,0.20255445320658738
2019-05-13,0.00012444269995455216,-0.008174288061921676,-0.006940169441648436,0.4279568727421219,-0.12070367521299737,-0.22694736724278464,-0.00123411862027324,0.10624369202978727,0.17467678195797287
2019-05-14,-0.0021941839277470365,0.019481086391733692,0.021771820381703222,0.42576268881437485,-0.10122258882126367,-0.20517554686108141,-0.0022907339899695296,0.10395295803981774,0.18962203528657515
2019-05-15,0.0027842854774893675,0.007999662496484606,0.007425103356403895,0.4285469742918642,-0.09322292632477906,-0.19775044350467752,0.0005745591400807114,0.10452751717989846,0.18160607343211588
2019-05-16,-0.016396711705812566,-0.04517356868243584,-0.036158677486973545,0.41215026258605164,-0.1383964950072149,-0.23390912099165106,-0.009014891195462296,0.09551262598443616,0.16065824220209363
2019-05-17,0.001954387599216677,-0.004224375347094783,-0.0033515576468534647,0.4141046501852683,-0.14262087035430968,-0.23726067863850453,-0.0008728177002413186,0.09463980828419485,0.17119662684078688
2019-05-20,0.0016449577898403343,0.018146188551364528,0.019550394330629217,0.4157496079751086,-0.12447468180294514,-0.2177102843078753,-0.0014042057792646896,0.09323560250493017,0.1714807424078426
2019-05-21,-0.00317889688526738,-0.007557023850390623,-0.004182824217931369,0.4125707110898412,-0.13203170565333577,-0.22189310852580668,-0.003374199632459254,0.08986140287247091,0.17272094667074345
2019-05-22,-0.0020193029293462637,-0.026957099047449393,-0.02393441280708508,0.41055140816049496,-0.15898880470078516,-0.24582752133289176,-0.003022686240364312,0.0868387166321066,0.17531779355438365
2019-05-23,0.00997922532191551,-0.007612011375880942,-0.012810406957022735,0.4205306334824105,-0.1666008160766661,-0.2586379282899145,0.005198395581141793,0.0920371122132484,0.1801884332429744
2019-05-24,0.0009877117766092115,0.02777795725478354,0.02915489356025347,0.4215183452590197,-0.13882285882188256,-0.22948303472966103,-0.0013769363054699293,0.09066017590777847,0.17479671972577512
2019-05-27,-0.0009352971994997042,-0.0023846542245005613,-2.0281703903890502e-05,0.42058304805952,-0.14120751304638313,-0.22950331643356492,-0.002364372520596671,0.08829580338718179,0.17711859366486662
2019-05-28,-0.005981800237958878,0.00018105756689428505,0.004097857257230331,0.41460124782156116,-0.14102645547948883,-0.2254054591763346,-0.003916799690336046,0.08437900369684576,0.16901082450147017
2019-05-29,-0.0011949263364089972,-0.008507333787950159,-0.006443502854741823,0.41340632148515216,-0.149533789267439,-0.2318489620310764,-0.002063830933208336,0.08231517276363742,0.16315154171875018
2019-05-30,0.0016723665039632928,-0.001827356933488301,-0.001448564296705257,0.41507868798911546,-0.15136114620092728,-0.23329752632778167,-0.000378792636783044,0.08193638012685439,0.18812373364581425
2019-05-31,-0.008089943595060179,-0.020786203013526756,-0.014953833657957105,0.4069887443940553,-0.17214734921445404,-0.24825135998573877,-0.0058323693555696506,0.07610401077128473,0.22011497724678794
2019-06-03,0.00358203311510715,-0.016949845457714625,-0.018068145689108306,0.41057077750916243,-0.18909719467216868,-0.2663195056748471,0.0011183002313936811,0.0772223110026784,0.20781171755927869
2019-06-04,-0.0077310531697527855,-0.0036603937922653437,-0.00048678989140249485,0.4028397243394096,-0.19275758846443403,-0.2668062955662496,-0.003173603900862849,0.07404870710181555,0.20677843656706563
2019-06-05,0.003501884390814177,-0.024556974533199005,-0.025059976809773232,0.4063416087302238,-0.21731456299763302,-0.2918662723760228,0.0005030022765742277,0.07455170937838979,0.21154080902064504
2019-06-06,-0.006036864402474497,0.00953363226495266,0.013453225009333991,0.4003047443277493,-0.20778093073268036,-0.2784130473666888,-0.00391959274438133,0.07063211663400845,0.1921712902099562
2019-06-10,0.006832440064450751,0.03822634222917218,0.03671488096619768,0.4071371843922001,-0.16955458850350819,-0.24169816640049113,0.001511461262974495,0.07214357789698295,0.17102335844350466
2019-06-11,-0.004311759364943025,-0.006172954337195053,-0.004687710630529196,0.40282542502725704,-0.17572754284070324,-0.24638587703102033,-0.0014852437066658567,0.07065833419031708,0.147224320594977
2019-06-12,0.00996073339005361,0.013926393719237649,0.00553584212772229,0.41278615841731064,-0.1618011491214656,-0.24085003490329804,0.008390551591515359,0.07904888578183245,0.1463204022709261
2019-06-13,0.00011198158791460925,-0.024302233847176745,-0.023129321285056292,0.41289814000522523,-0.18610338296864234,-0.26397935618835433,-0.0011729125621204525,0.07787597321971199,0.1451792922007227
2019-06-14,-0.0007367320912285553,-0.0012719001613609462,-0.002399112930289604,0.4121614079139967,-0.1873752831300033,-0.26637846911864393,0.001127212768928658,0.07900318598864065,0.14814583936768885
2019-06-17,0.003062460967596376,-0.0009430914904997854,3.985835113873293e-05,0.4152238688815931,-0.18831837462050308,-0.2663386107675052,-0.0009829498416385183,0.07802023614700213,0.13634557484974258
2019-06-18,0.00482812030879588,0.016794553125456496,0.014121622932668387,0.42005198919038894,-0.17152382149504658,-0.2522169878348368,0.002672930192788109,0.08069316633979023,0.1776322564734367
2019-06-19,0.00786604820392616,0.01863858870190621,0.01573913525743542,0.4279180373943151,-0.15288523279314037,-0.2364778525774014,0.00289945344447079,0.08359261978426102,0.19561005653391908
2019-06-20,0.003342820273824,0.017588744442681156,0.01654931063572107,0.4312608576681391,-0.1352964883504592,-0.21992854194168032,0.0010394338069600849,0.08463205359122111,0.16846154051741474
2019-06-21,0.0022329160641197253,0.00018912103929596142,-0.0004147888268821731,0.43349377373225884,-0.13510736731116324,-0.2203433307685625,0.0006039098661781346,0.08523596345739926,0.1722396016907368
2019-06-24,2.660100090978347e-06,-0.009751442207862903,-0.009689696681142834,0.4334964338323498,-0.14485880951902613,-0.23003302744970533,-6.17455267200688e-05,0.0851742179306792,0.17038099214808328
2019-06-25,0.0022453675428205006,-0.00035952099498964466,-5.583439117451405e-05,0.4357418013751703,-0.14521833051401578,-0.23008886184087984,-0.0003036866038151306,0.08487053132686406,0.16804592293480747
2019-06-26,0.00302824249237644,0.00807918987857046,0.008592547498313508,0.43877004386754676,-0.13713914063544533,-0.22149631434256634,-0.0005133576197430476,0.08435717370712101,0.16241401619920345
2019-06-27,0.0017409967840114418,-0.014105549617782463,-0.01420642783548054,0.4405110406515582,-0.1512446902532278,-0.23570274217804688,0.000100878217698077,0.08445805192481909,0.16224873003729579
2019-06-28,0.00494613582017002,0.030560203390617057,0.029619464948842378,0.4454571764717282,-0.12068448686261073,-0.2060832772292045,0.0009407384417746793,0.08539879036659377,0.1737520095475557
2019-07-01,0.002585671571281044,0.0010354182771257997,0.00038420696810170796,0.44804284804300926,-0.11964906858548492,-0.2056990702611028,0.0006512113090240918,0.08605000167561787,0.19495564596302947
2019-07-02,0.00011864243672942153,-0.01048741534517138,-0.010080850183308954,0.4481614904797387,-0.1301364839306563,-0.21577992044441174,-0.0004065651618624256,0.08564343651375544,0.18741806108290376
2019-07-03,2.9016345189866194e-05,-0.004572710113815743,-0.004455066475607339,0.44819050682492856,-0.13470919404447204,-0.22023498692001908,-0.00011764363820840427,0.08552579287554704,0.18544956256644998
2019-07-04,0.0046327740470915365,0.005088813763029098,0.0036692942938945095,0.4528232808720201,-0.12962038028144293,-0.21656569262612457,0.001419519469134589,0.08694531234468164,0.19341600169763476
2019-07-05,-0.006907223037748638,-0.03725063233510449,-0.033744388007399095,0.44591605783427146,-0.1668710126165474,-0.25031008063352367,-0.003506244327705396,0.08343906801697626,0.19709776920306543
2019-07-08,-0.002071182910771869,0.00204672497631453,0.0030610204787748785,0.4438448749234996,-0.16482428764023288,-0.2472490601547488,-0.0010142955024603486,0.08242477251451591,0.1813504196649776
2019-07-09,0.0007578239388000934,-0.008370186702076234,-0.008725488121823943,0.4446026988622997,-0.1731944743423091,-0.25597454827657273,0.0003553014197477094,0.08278007393426362,0.18808424153632677
2019-07-10,-0.0022289619458196143,-0.0029329630335767154,-0.0015824907424839552,0.4423737369164801,-0.17612743737588582,-0.2575570390190567,-0.0013504722910927603,0.08142960164317087,0.16265970255722295
2019-07-11,0.0032626020425003156,0.0033517375284403614,0.0024536375839119273,0.4456363389589804,-0.17277569984744545,-0.25510340143514476,0.0008980999445284341,0.08232770158769931,0.16064230325999956
2019-07-12,0.0010964874401972755,0.009295353501842752,0.010411984133281038,0.4467328263991777,-0.1634803463456027,-0.24469141730186372,-0.0011166306314382857,0.08121107095626101,0.15945116296790632
2019-07-15,0.001497810963444463,0.003351429507454062,0.00216197691044151,0.4482306373626222,-0.16012891683814864,-0.2425294403914222,0.001189452597012552,0.08240052355327357,0.17093578115152527
2019-07-16,0.003368036329490502,0.0019437807818094874,0.0007934823131172664,0.4515986736921127,-0.15818513605633916,-0.24173595807830495,0.001150298468692221,0.08355082202196579,0.16854775650149414
2019-07-17,-0.0025170344189296835,-0.02016249668255979,-0.018089479139321796,0.449081639273183,-0.17834763273889895,-0.25982543721762674,-0.0020730175432379927,0.0814778044787278,0.16957713344840022
2019-07-18,5.349788248317263e-05,0.004017961369545433,0.004882680028902797,0.44913513715566616,-0.1743296713693535,-0.25494275718872395,-0.0008647186593573643,0.08061308581937043,0.15594415845710316
2019-07-19,-0.011584321973108762,-0.03584216816963162,-0.02850459428170815,0.4375508151825574,-0.21017183953898513,-0.2834473514704321,-0.007337573887923471,0.07327551193144696,0.15595247914561383
2019-07-22,0.001486217677455875,0.014302663340560165,0.011321497460883734,0.4390370328600133,-0.19586917619842498,-0.27212585400954836,0.0029811658796764316,0.07625667781112339,0.15920173676879695
2019-07-23,0.003950679960555272,0.013828140552362462,0.012344172798695041,0.44298771282056854,-0.18204103564606253,-0.2597816812108533,0.001483967753667421,0.0777406455647908,0.16108056433070148
2019-07-24,0.000808742522789825,0.0027691040145021214,0.003124533217562231,0.4437964553433584,-0.1792719316315604,-0.2566571479932911,-0.0003554292030601095,0.07738521636173068,0.1509982074772533
2019-07-25,-0.0016656941039161993,-0.0005350492826492895,0.0010579527745893103,0.44213076123944217,-0.1798069809142097,-0.2555991952187018,-0.0015930020572385998,0.07579221430449207,0.15473617011033
2019-07-26,-0.0033295759832366006,-0.0013052198946315392,0.0004563807518511709,0.4388011852562056,-0.18111220080884124,-0.2551428144668506,-0.0017616006464827101,0.07403061365800936,0.14022659096467255
2019-07-29,0.003795029261395384,0.005771293873714045,0.003965124688075861,0.442596214517601,-0.1753409069351272,-0.25117768977877475,0.0018061691856381843,0.07583678284364756,0.14712205532792735
2019-07-30,-0.0022978349013816094,-0.008992045090264468,-0.007590900676701651,0.44029837961621937,-0.18433295202539166,-0.2587685904554764,-0.0014011444135628177,0.07443563843008474,0.14567581776943048
2019-07-31,-0.005556507089623523,-0.008492385488960292,-0.0051797594716411766,0.43474187252659585,-0.19282533751435194,-0.2639483499271176,-0.0033126260173191157,0.07112301241276564,0.14211131660473159
2019-08-01,0.0012244139179587174,-0.015539196297631012,-0.016010330478092527,0.4359662864445546,-0.20836453381198294,-0.2799586804052101,0.0004711341804615153,0.07159414659322716,0.15496086258219485
2019-08-02,0.004754908217899711,-0.009191904198319785,-0.011541574083004491,0.4407211946624543,-0.21755643801030272,-0.2915002544882146,0.002349669884684706,0.07394381647791187,0.15886589622017502
2019-08-05,-0.009619367663161736,-0.03237038231294858,-0.026747460666392442,0.43110182699929256,-0.2499268203232513,-0.31824771515460704,-0.005622921646556138,0.06832089483135573,0.16696677869387955
2019-08-06,0.009787431786440998,0.0010423580017199295,-0.00293830024461883,0.44088925878573354,-0.24888446232153139,-0.32118601539922587,0.00398065824633876,0.07230155307769448,0.18053032410395423
2019-08-07,0.0047101720284857965,0.00943321165511003,0.007725107304652923,0.4455994308142193,-0.23945125066642137,-0.31346090809457294,0.001708104350457108,0.07400965742815158,0.18875071505836685
2019-08-08,-0.002493672861212271,-0.01219255712316357,-0.010933173010949204,0.44310575795300705,-0.25164380778958495,-0.32439408110552215,-0.001259384112214365,0.0727502733159372,0.19373323721028946
2019-08-09,0.0024274715978382143,0.018024938619055415,0.016784067444556072,0.4455332295508453,-0.23361886917052954,-0.3076100136609661,0.001240871174499343,0.07399114449043653,0.1895935207469617
2019-08-12,-0.0015191383169340874,-0.00521547089992539,-0.004807835328328736,0.4440140912339112,-0.23883434007045493,-0.3124178489892948,-0.0004076355715966545,0.07358350891883988,0.18869376818349087
2019-08-13,0.002679456484860241,0.006881654477202582,0.006731061895765222,0.44669354771877146,-0.23195268559325236,-0.3056867870935296,0.0001505925814373598,0.07373410150027723,0.18844274269535397
2019-08-14,-0.0016697550011501596,0.003214140033598241,0.004759311522231968,0.44502379271762127,-0.22873854555965412,-0.3009274755712976,-0.0015451714886337274,0.0721889300116435,0.18249686863416126
2019-08-15,0.0028059832303087215,0.005289103669927631,0.005632796087240877,0.44782977594793,-0.22344944188972649,-0.29529467948405674,-0.00034369241731324607,0.07184523759433026,0.172698881390159
2019-08-16,0.007132915343510154,0.03270574477924634,0.03133621976567014,0.4549626912914401,-0.19074369711048014,-0.2639584597183866,0.001369525013576206,0.07321476260790646,0.17782912241779653
2019-08-19,0.003244062956925079,0.004090382716231578,0.0023340586782172323,0.4582067542483652,-0.18665331439424857,-0.2616244010401694,0.001756324038014346,0.07497108664592081,0.16318401253967896
2019-08-20,0.004835361850601781,0.003930638191982013,0.0002615917446338045,0.463042116098967,-0.18272267620226657,-0.26136280929553557,0.0036690464473482084,0.078640133093269,0.17461868385089757
2019-08-21,-0.001237705296931557,0.0035839004074248084,0.004219310413935418,0.46180441080203544,-0.17913877579484175,-0.25714349888160015,-0.0006354100065106092,0.0780047230867584,0.166933054782705
2019-08-22,-0.001921361425076398,-0.004582756743972483,-0.0021148949165894493,0.45988304937695906,-0.18372153253881424,-0.2592583937981896,-0.0024678618273830336,0.07553686125937537,0.17152161666759305
2019-08-23,-0.0032693840325303944,-0.00827466125503033,-0.005569755121046072,0.45661366534442865,-0.19199619379384456,-0.2648281489192357,-0.0027049061339842577,0.07283195512539112,0.16288403110666577
2019-08-26,0.009421133348357999,0.025495361341533407,0.01877874677104785,0.46603479869278663,-0.16650083245231115,-0.24604940214818782,0.006716614570485557,0.07954856969587668,0.15685952554765703
2019-08-27,0.005975389524062628,0.0018142753917868913,-0.0019919542911495114,0.47201018821684926,-0.16468655706052426,-0.24804135643933733,0.0038062296829364027,0.08335479937881307,0.17384902972651325
2019-08-28,-0.0006734090140666257,-9.327077005950758e-05,0.000907510259697375,0.4713367792027826,-0.16477982783058376,-0.24713384617963996,-0.0010007810297568826,0.0823540183490562,0.16436307064435438
2019-08-29,0.004251714842204553,-0.015080016238187157,-0.01493608936544355,0.47558849404498715,-0.17985984406877092,-0.2620699355450835,-0.00014392687274360737,0.08221009147631259,0.17981799141863872
2019-08-30,0.005182370690105451,0.027405704223454275,0.02563407700440301,0.4807708647350926,-0.15245413984531664,-0.2364358585406805,0.0017716272190512646,0.08398171869536386,0.18446331555816498
2019-09-02,0.005801376558913034,0.009707045035087614,0.007405842721667,0.48657224129400567,-0.142747094810229,-0.2290300158190135,0.0023012023134206146,0.08628292100878449,0.2064097246090303
2019-09-03,0.0017029703288289869,0.008317492966494578,0.007002784796942052,0.48827521162283466,-0.13442960184373443,-0.22202723102207145,0.001314708169552526,0.08759762917833702,0.1939196084856424
2019-09-04,0.0025391435659187955,0.009765479343352467,0.009385065801394532,0.49081435518875344,-0.12466412250038196,-0.21264216522067692,0.0003804135419579347,0.08797804272029495,0.20791867585050916
2019-09-05,0.0018279001803659031,0.004914389358728962,0.004193652832150008,0.4926422553691193,-0.11974973314165299,-0.2084485123885269,0.0007207365265789545,0.08869877924687392,0.20199755908090097
2019-09-06,0.002126146810649767,0.02379909106628431,0.024169926796309582,0.4947684021797691,-0.09595064207536869,-0.18427858559221733,-0.0003708357300252728,0.08832794351684864,0.18875225889450511
2019-09-09,0.0012102894621673812,0.00376493840480975,0.002199198712284911,0.4959786916419365,-0.09218570367055894,-0.18207938687993241,0.0015657396925248391,0.08989368320937348,0.19767055367066255
2019-09-10,0.0008113544995232675,-0.007485090212776344,-0.008615985570896711,0.4967900461414597,-0.09967079388333527,-0.19069537245082913,0.0011308953581203674,0.09102457856749385,0.19178026577123383
2019-09-11,0.001829885080663773,0.0056874135473134035,0.004751781715478742,0.4986199312221235,-0.09398338033602187,-0.18594359073535038,0.0009356318318346612,0.09196021039932852,0.18045897128797933
2019-09-12,0.00208265536023233,0.006223628421526722,0.006116439829963127,0.5007025865823558,-0.08775975191449514,-0.17982715090538726,0.00010718859156359437,0.09206739899089211,0.18269736790147706
2019-09-16,0.0036501689346310966,-0.021809504045233675,-0.024285255697609642,0.5043527555169869,-0.10956925595972881,-0.2041124066029969,0.0024757516523759675,0.09454315064326808,0.1845097131240541
2019-09-17,0.004020288886970824,0.0009102153636441751,-0.0011556826796326192,0.5083730444039577,-0.10865904059608464,-0.20526808928262952,0.0020658980432767945,0.09660904868654488,0.1725980229108484
2019-09-18,-0.0006344140726856451,0.009788448910681652,0.011693994764289783,0.5077386303312721,-0.09887059168540299,-0.19357409451833973,-0.001905545853608132,0.09470350283293674,0.17047868151695614
2019-09-19,0.0039002319212839125,0.003199559159197062,0.0010930878844490621,0.511638862252556,-0.09567103252620593,-0.19248100663389067,0.002106471274748,0.09680997410768474,0.1821588858358745
2019-09-20,0.0018408626764874845,-0.007942059888948876,-0.009995441743853917,0.5134797249290435,-0.1036130924151548,-0.2024764483777446,0.002053381854905041,0.09886335596258979,0.18417287903163215
2019-09-23,0.0007436189110204636,0.0023696648613982744,0.005018655999847965,0.514223343840064,-0.10124342755375652,-0.19745779237789662,-0.002648991138449691,0.0962143648241401,0.19435381014699987
2019-09-24,0.0018938101737418277,-0.01919710135477983,-0.019592065896695487,0.5161171540138058,-0.12044052890853635,-0.2170498582745921,0.00039496454191565583,0.09660932936605576,0.20165541115767113
2019-09-25,0.004490618636601625,-0.03100549750858543,-0.033296357715190794,0.5206077726504074,-0.1514460264171218,-0.2503462159897829,0.0022908602066053635,0.09890018957266111,0.19324820943475005
2019-09-26,-0.00047973160128220876,0.009472771567156073,0.008990472746038591,0.5201280410491251,-0.14197325484996573,-0.24135574324374431,0.0004822988211174821,0.09938248839377858,0.18824788557337488
2019-09-27,0.007984606907565542,-0.008870134427785096,-0.011222161960276367,0.5281126479566907,-0.15084338927775082,-0.2525779052040207,0.002352027532491271,0.10173451592626986,0.18313725777225925
2019-09-30,0.00473623196568812,0.002415584874333932,0.0009160072869249802,0.5328488799223787,-0.14842780440341688,-0.2516618979170957,0.001499577587408952,0.10323409351367882,0.17582710596705592
2019-10-08,0.004610170275857942,0.01099510176057712,0.00911737764910825,0.5374590501982367,-0.13743270264283977,-0.24254452026798745,0.0018777241114688713,0.10511181762514768,0.18374063469005583
2019-10-09,-0.0020233778242401803,0.011377887279371729,0.015354324653644724,0.5354356723739965,-0.12605481536346805,-0.22719019561434273,-0.003976437374272996,0.10113538025087468,0.18550849275463005
2019-10-10,-0.0010299817175164505,-0.00038987816265742314,0.0006945140941461148,0.53440569065648,-0.12644469352612547,-0.2264956815201966,-0.0010843922568035378,0.10005098799407114,0.18643705705751137
2019-10-11,-0.0031066832467499684,0.014336871076980312,0.015694069741972072,0.53129900740973,-0.11210782244914516,-0.21080161177822454,-0.00135719866499176,0.09869378932907938,0.19200719475087916
2019-10-14,0.0026914674096644607,-0.013005153966146243,-0.014786826606483672,0.5339904748193944,-0.1251129764152914,-0.2255884383847082,0.0017816726403374287,0.10047546196941681,0.1781543088178045
2019-10-15,0.0013708036876797828,-0.004637288821015934,-0.004196922271376025,0.5353612785070743,-0.12975026523630734,-0.22978536065608424,-0.0004403665496399093,0.1000350954197769,0.1884471051502181
2019-10-16,7.269453144331619e-05,-0.0024481415112209844,-0.0010743829325026155,0.5354339730385176,-0.13219840674752834,-0.23085974358858685,-0.001373758578718369,0.09866133684105852,0.2047280574539376
2019-10-17,-6.445222856951828e-05,-0.012321783823381314,-0.012558719397901541,0.535369520809948,-0.14452019057090965,-0.2434184629864884,0.00023693557452022715,0.09889827241557875,0.19435231507977543
2019-10-18,0.010401125839205945,-0.00249509362382351,-0.0063136104027918805,0.545770646649154,-0.14701528419473314,-0.24973207338928027,0.0038185167789683704,0.10271678919454713,0.1925138946386913
2019-10-21,-0.002249678048166768,0.011491870540039646,0.012341388066268166,0.5435209686009872,-0.1355234136546935,-0.2373906853230121,-0.0008495175262285201,0.1018672716683186,0.18982544119929523
2019-10-22,0.002990253111770074,-0.007392813380061002,-0.008076999011263908,0.5465112217127572,-0.1429162270347545,-0.24546768433427602,0.0006841856312029063,0.1025514572995215,0.19020581311565044
2019-10-23,0.0001354799638172295,-0.002210515022167457,-0.001950390473059116,0.5466467016765745,-0.14512674205692197,-0.24741807480733513,-0.00026012454910834086,0.10229133275041316,0.18854862694534938
2019-10-24,-0.0002136891830568848,0.0057581794549688686,0.00769729870530611,0.5464330124935176,-0.1393685626019531,-0.23972077610202902,-0.0019391192503372418,0.10035221350007592,0.19650248691894462
2019-10-25,0.003106963407898335,0.023335774790309707,0.023432299952567348,0.5495399759014159,-0.11603278781164339,-0.21628847614946167,-9.652516225764143e-05,0.10025568833781828,0.17904665184344687
2019-10-28,-0.005937023209621235,-0.015039835490002706,-0.010933581790419922,0.5436029526917947,-0.1310726233016461,-0.2272220579398816,-0.004106253699582785,0.0961494346382355,0.19288545209791808
2019-10-29,-0.0014968989695668098,-0.01149784630868644,-0.009988275176352701,0.5421060537222279,-0.14257046961033254,-0.2372103331162343,-0.001509571132333739,0.09463986350590176,0.19706659144343505
2019-10-30,0.003940576364575213,-0.01065051285422866,-0.011267995207996151,0.5460466300868031,-0.1532209824645612,-0.24847832832423045,0.0006174823537674918,0.09525734585966925,0.1888011730792115
2019-10-31,-0.0005236482547098882,0.008696353108649624,0.009492401150479779,0.5455229818320932,-0.14452462935591157,-0.23898592717375067,-0.0007960480418301545,0.0944612978178391,0.18512631680768463
2019-11-01,0.001071256079471507,0.004444222484293983,0.006219824731763524,0.5465942379115648,-0.14008040687161757,-0.23276610244198714,-0.0017756022474695408,0.09268569557036957,0.1882097938160886
2019-11-04,0.0022727758614204644,0.0029231900819256785,0.002802433856681219,0.5488670137729853,-0.1371572167896919,-0.22996366858530592,0.00012075622524445944,0.09280645179561403,0.19327558749820364
2019-11-05,-0.0004046987575021328,-0.009591845251618478,-0.00886246714798311,0.5484623150154831,-0.14674906204131039,-0.23882613573328904,-0.0007293781036353669,0.09207707369197865,0.177685095361339
2019-11-06,-0.0009008619034807675,0.006500807164006085,0.006638440435933646,0.5475614531120023,-0.1402482548773043,-0.2321876952973554,-0.00013763327192756105,0.09193944042005109,0.17324499432730986
2019-11-07,0.0026029894321420105,-0.0015471630656933109,-0.0034502544040382332,0.5501644425441443,-0.1417954179429976,-0.23563794970139362,0.0019030913383449224,0.09384253175839602,0.17222901116740066
2019-11-08,-0.006886215951158033,-0.028889893153185037,-0.026313218965547946,0.5432782265929863,-0.17068531109618265,-0.26195116866694157,-0.002576674187637091,0.09126585757075892,0.16320274975295931
2019-11-11,-0.001404387681784929,0.0026362949992743984,0.0025325133903297825,0.5418738389112013,-0.16804901609690825,-0.2594186552766118,0.00010378160894461592,0.09136963917970353,0.159070720135313
2019-11-12,0.0013361342517906741,-0.004271458564558481,-0.002933649392630855,0.543209973162992,-0.17232047466146674,-0.26235230466924264,-0.0013378091719276263,0.0900318300077759,0.16973497587896524
2019-11-13,0.0008278470775600363,0.006487769451648016,0.006761141467041654,0.544037820240552,-0.16583270520981871,-0.255591163202201,-0.0002733720153936378,0.08975845799238227,0.19192600027672843
2019-11-14,0.004174487965460322,-0.011386781389796041,-0.012359829115778709,0.5482123082060123,-0.17721948659961476,-0.2679509923179797,0.0009730477259826675,0.09073150571836494,0.18780632816147771
2019-11-15,0.00048563199828277343,0.008210556136476572,0.0071144757951557835,0.5486979402042951,-0.1690089304631382,-0.2608365165228239,0.0010960803413207886,0.09182758605968572,0.1832151511159979
2019-11-18,0.0068889301027860875,0.02127558115559827,0.01848109318380864,0.5555868703070812,-0.14773334930753992,-0.24235542333901527,0.0027944879717896297,0.09462207403147535,0.19086145096487103
2019-11-19,-0.0021398033922197537,-0.006260383567569566,-0.0050597614389378265,0.5534470669148615,-0.15399373287510948,-0.2474151847779531,-0.001200622128631739,0.09342145190284362,0.1919656580731793
2019-11-20,0.0018723572573549204,0.0008024498130674184,-0.001675468928045376,0.5553194241722164,-0.15319128306204205,-0.24909065370599848,0.0024779187411127944,0.09589937064395643,0.18049719921625068
2019-11-21,0.0010189664029810301,-0.00984106089601813,-0.013335551325074135,0.5563383905751974,-0.16303234395806018,-0.2624262050310726,0.0034944904290560054,0.09939386107301243,0.19068121424596657
2019-11-22,0.0044235502456331606,-0.00404072448196423,-0.005756795804385817,0.5607619408208305,-0.16707306844002442,-0.26818300083545843,0.0017160713224215873,0.101109932395434,0.18797104525961728
2019-11-25,-0.001368663944219768,-0.0024943697151973755,-0.000706896981931493,0.5593932768766108,-0.1695674381552218,-0.2688898978173899,-0.0017874727332658825,0.09932245966216813,0.18864494220908382
2019-11-26,-0.0008418042882510357,-0.001811293774622202,-0.0003421900460374161,0.5585514725883598,-0.17137873192984399,-0.26923208786342734,-0.0014691037285847859,0.09785335593358335,0.21437164315379273
2019-11-27,0.0007452162690457896,-0.0029252988450469554,-0.002887705082779135,0.5592966888574056,-0.17430403077489093,-0.2721197929462065,-3.759376226782031e-05,0.09781576217131555,0.21930710876732382
2019-11-28,0.001618269176826653,0.00074803596858877,-0.0008800766974452756,0.5609149580342322,-0.17355599480630216,-0.27299986964365175,0.0016281126660340458,0.0994438748373496,0.1970239866119435
2019-11-29,-0.0014349936080026906,0.002050130293334514,0.002176241470607465,0.5594799644262295,-0.17150586451296765,-0.2708236281730443,-0.00012611117727295102,0.09931776366007664,0.18914949316628593
2019-12-02,0.0005103321875484427,0.0068052269314331755,0.006513214421742575,0.559990296613778,-0.16470063758153447,-0.2643104137513017,0.00029201250969060084,0.09960977616976724,0.18636425282539631
2019-12-03,-0.0005521306092852223,0.0005134438462576255,0.0016110831887043986,0.5594381660044927,-0.16418719373527685,-0.2626993305625973,-0.001097639342446773,0.09851213682732046,0.17566602242108187
2019-12-04,0.0017594190566553414,0.011409800767885758,0.011218544200117364,0.561197585061148,-0.1527773929673911,-0.25148078636247995,0.00019125656776839382,0.09870339339508885,0.17256256056873343
2019-12-05,-0.0007866219339921738,0.006739718034007803,0.007110716649936677,0.5604109631271559,-0.1460376749333833,-0.24437006971254327,-0.00037099861592887386,0.09833239477915998,0.1680697411478526
2019-12-06,0.0007429286582585234,0.004716906773595486,0.0035519565529984476,0.5611538917854144,-0.1413207681597878,-0.24081811315954482,0.0011649502205970386,0.09949734499975701,0.14341408102815645
2019-12-09,-0.002937371703534013,0.0048977618288274195,0.006040971223541192,0.5582165200818804,-0.13642300633096038,-0.23477714193600363,-0.0011432093947137721,0.09835413560504325,0.1456872608099027
2019-12-10,0.0017529133243278014,-0.0031502268765315204,-0.004040774918593115,0.5599694334062082,-0.1395732332074919,-0.23881791685459675,0.0008905480420615948,0.09924468364710484,0.1611388527995559
2019-12-11,0.0020852699021916537,-0.0014488958950723335,-8.643356084192533e-05,0.5620547033083998,-0.14102212910256423,-0.23890435041543867,-0.0013624623342304082,0.09788222131287444,0.16134571679735257
2019-12-12,0.0034604086053009607,0.012829411256122457,0.013399193392318764,0.5655151119137007,-0.12819271784644176,-0.2255051570231199,-0.0005697821361963073,0.09731243917667814,0.1643279534908734
2019-12-13,-0.001961941242202309,0.016702269339806234,0.018615155920027604,0.5635531706714985,-0.11149044850663553,-0.2068900011030923,-0.00191288658022137,0.09539955259645677,0.1597204255800592
2019-12-16,-0.0005736783496476264,0.01161400286683969,0.012452714563336187,0.5629794923218508,-0.09987644563979584,-0.19443728653975612,-0.0008387116964964966,0.09456084089996028,0.16106997490287095
2019-12-17,-0.0020003040084561902,0.00033190190717856323,-0.0003302611787781018,0.5609791883133947,-0.09954454373261727,-0.19476754771853422,0.0006621630859566651,0.09522300398591695,0.1806689039964638
2019-12-18,-0.00022698365477391214,0.0065584674007972904,0.004378376130299344,0.5607522046586207,-0.09298607633181998,-0.19038917158823487,0.0021800912704979464,0.0974030952564149,0.17724572072492836
2019-12-19,-0.0011167959265134177,-0.012417953054180529,-0.012097692724989173,0.5596354087321074,-0.1054040293860005,-0.20248686431322405,-0.00032026032919135576,0.09708283492722354,0.16662976548663813
2019-12-20,0.0003971430286108313,-0.02403120422367942,-0.022811802711038,0.5600325517607182,-0.12943523360967993,-0.22529866702426204,-0.0012194015126414208,0.09586343341458212,0.1619304769639401
2019-12-23,-0.0007621306722912171,0.015226073302608101,0.01744910195754734,0.559270421088427,-0.11420916030707183,-0.2078495650667147,-0.00222302865493924,0.09364040475964287,0.17225153499774903
2019-12-24,-0.00011901953539181228,0.0039497049083355405,0.005955000620165407,0.5591514015530351,-0.11025945539873629,-0.2018945644465493,-0.0020052957118298666,0.09163510904781301,0.20162585139236833
2019-12-25,0.00042224962768874904,0.006996584254604069,0.007104883598103129,0.5595736511807239,-0.10326287114413221,-0.19478968084844617,-0.00010829934349906,0.09152680970431396,0.18343845366326123
2019-12-26,0.000974868814963589,-0.0061717062894709315,-0.008103016775477201,0.5605485199956874,-0.10943457743360314,-0.20289269762392337,0.0019313104860062694,0.09345812019032022,0.1776519012026773
2019-12-27,0.004552996189814604,0.006292693600850213,0.005634418959143517,0.5651015161855021,-0.10314188383275293,-0.19725827866477985,0.000658274641706696,0.09411639483202693,0.18318347902801482
2019-12-30,0.002182592544425562,0.007560586538549622,0.006675126682683441,0.5672841087299276,-0.09558129729420331,-0.1905831519820964,0.0008854598558661808,0.0950018546878931,0.17660568452050998
2019-12-31,0.0006233112207709966,0.020195004579966046,0.019482808545026487,0.5679074199506986,-0.07538629271423726,-0.17110034343706992,0.0007121960349395599,0.09571405072283266,0.18144909837476764
2020-01-02,0.003210724630877845,0.0064036875968045024,0.005180883374654499,0.5711181445815764,-0.06898260511743276,-0.16591946006241542,0.0012228042221500033,0.09693685494498266,0.18128443386728135
2020-01-03,-0.00472337101544169,0.007092138781905965,0.010232979180113233,0.5663947735661347,-0.06189046633552679,-0.1556864808823022,-0.003140840398207268,0.0937960145467754,0.15751317949146196
2020-01-06,0.004284132716092699,0.017834249341834613,0.015086244407449101,0.5706789062822274,-0.04405621699369218,-0.1406002364748531,0.0027480049343855117,0.09654401948116091,0.16203684535441035
2020-01-07,-0.001680597720851329,-0.016083057378836873,-0.013744359710575083,0.5689983085613761,-0.060139274372529056,-0.15434459618542817,-0.0023386976682617903,0.09420532181289912,0.17422315592471022
2020-01-08,0.010371667318604502,0.020770337218270964,0.015762225221095605,0.5793699758799806,-0.03936893715425809,-0.13858237096433257,0.005008111997175359,0.09921343381007447,0.17906724965099544
2020-01-09,0.0067549613682428115,0.0012605065457745293,-0.002097853523808979,0.5861249372482235,-0.03810843060848356,-0.14068022448814155,0.0033583600695835086,0.10257179387965798,0.18866782585358066
2020-01-10,0.0018372187274136183,0.011804155260574534,0.012706146985978606,0.5879621559756371,-0.026304275347909026,-0.12797407750216294,-0.0009019917254040714,0.10166980215425392,0.18271650379203117
2020-01-13,-0.0019250107078907538,-0.0018243252508993969,-0.00212976609279103,0.5860371452677463,-0.028128600598808423,-0.13010384359495397,0.00030544084189163315,0.10197524299614555,0.1799376248951669
2020-01-14,0.005233603096785992,0.00015150616587252625,-0.00010062877265504255,0.5912707483645323,-0.027977094432935896,-0.13020447236760901,0.0002521349385275688,0.10222737793467312,0.1675775575046425
2020-01-15,0.0035806779220207293,-0.0012362304556316475,-0.001927308902557101,0.5948514262865531,-0.029213324888567545,-0.13213178127016612,0.0006910784469254536,0.10291845638159858,0.17739366911741034
2020-01-16,-0.003409558932967849,-0.006653085393025176,-0.0038568337657807206,0.5914418673535853,-0.03586641028159272,-0.13598861503594684,-0.0027962516272444556,0.10012220475435411,0.19118603557119448
2020-01-17,0.0012405193128669063,0.009233192801804999,0.012752060880210081,0.5926823866664522,-0.026633217479787724,-0.12323655415573675,-0.0035188680784050824,0.09660333667594903,0.20005009028656492
2020-01-20,0.0006679764810736294,-0.010284584168006174,-0.008941499601695213,0.5933503631475259,-0.0369178016477939,-0.13217805375743197,-0.0013430845663109613,0.09526025210963807,0.21383910646449564
2020-01-21,-0.003493180100276355,-0.0014013335602952213,0.0029993477515937172,0.5898571830472495,-0.038319135208089126,-0.12917870600583825,-0.004400681311888938,0.09085957079774912,0.18873443506536766
2020-01-22,-0.01610590333382224,-0.04723659767107407,-0.03797450570115224,0.5737512797134273,-0.0855557328791632,-0.1671532117069905,-0.00926209196992183,0.0815974788278273,0.1867469385849192
2020-01-23,-0.03715050407343559,-0.10988164043288469,-0.09160232137871915,0.5366007756399918,-0.19543737331204789,-0.25875553308570964,-0.018279319054165535,0.06331815977366176,0.18249514713962497
2020-02-03,-0.03105153504470057,-0.023085136244570138,0.0022929897023065138,0.5055492405952912,-0.21852250955661803,-0.25646254338340313,-0.02537812594687665,0.0379400338267851,0.1803553208362433
2020-02-04,0.012486798328243159,0.032871016110067465,0.025803536395029525,0.5180360389235343,-0.18565149344655058,-0.2306590069883736,0.00706747971503794,0.04500751354182303,0.16586265326297492
2020-02-05,0.006229114102584929,0.030867301332774325,0.030801510583255975,0.5242651530261193,-0.15478419211377625,-0.19985749640511763,6.579074951834976e-05,0.045073304291341376,0.18089791059497579
2020-02-06,0.00493048057181717,0.015483122493892752,0.012245031174948906,0.5291956335979365,-0.1393010696198835,-0.18761246523016872,0.0032380913189438455,0.04831139561028522,0.18343798805154202
2020-02-07,0.017166736724127198,0.025289507411531544,0.01386691981183219,0.5463623703220637,-0.11401156220835196,-0.17374554541833653,0.011422587599699354,0.059733983209984576,0.18919102120083545
2020-02-10,0.010861340266988474,-0.000481780541861422,-0.006788525598523165,0.5572237105890522,-0.11449334275021338,-0.1805340710168597,0.006306745056661743,0.06604072826664632,0.14888496164558113
2020-02-11,0.004039895559546281,0.023164107632818065,0.023028732424352327,0.5612636061485985,-0.09132923511739531,-0.15750533859250737,0.0001353752084657378,0.06617610347511206,0.14922032400112203
2020-02-12,0.0012968270327685287,-0.007948950926897506,-0.008153239173902094,0.5625604331813671,-0.09927818604429281,-0.16565857776640946,0.0002042882470045873,0.06638039172211666,0.16486421017596034
2020-02-13,0.00431499534905503,0.0038200398547996923,0.0035497821311469835,0.566875428530422,-0.09545814618949312,-0.16210879563526248,0.0002702577236527088,0.06665064944576936,0.15458223031831034
2020-02-14,0.02452966835934162,0.04647001060595983,0.03578022662505553,0.5914050968897637,-0.04898813558353329,-0.12632856901020695,0.010689783980904297,0.07734043342667365,0.17302670983378193
2020-02-17,0.0122376525486314,0.028374768703278586,0.02260305429302889,0.6036427494383951,-0.020613366880254707,-0.10372551471717806,0.005771714410249696,0.08311214783692335,0.17628222645826422
2020-02-18,0.0077662453464737565,-0.002958804561071971,-0.00895650457263919,0.6114089947848689,-0.02357217144132668,-0.11268201928981725,0.005997700011567219,0.08910984784849058,0.16598732464809943
2020-02-19,0.012400843578267302,0.0236169746692248,0.019146948020907217,0.6238098383631362,4.4803227898120024e-05,-0.09353507126891003,0.004470026648317582,0.09357987449680816,0.17085049553318302
2020-02-20,0.0046360243914129115,0.016956036267589156,0.017627129266641006,0.6284458627545491,0.017000839495487276,-0.07590794200226902,-0.0006710929990518498,0.0929087814977563,0.18339891376687015
2020-02-21,-0.004296474809770791,0.015423985389639516,0.021695616945981655,0.6241493879447783,0.032424824885126796,-0.05421232505628737,-0.006271631556342139,0.08663714994141417,0.19701387468666295
2020-02-24,-0.012746032779411224,-0.007497657400696897,0.004180460277989795,0.611403355165367,0.0249271674844299,-0.050031864778297575,-0.011678117678686692,0.07495903226272747,0.1885174242996188
2020-02-25,0.015793711579414373,-0.013522791030394133,-0.029348644856781902,0.6271970667447814,0.011404376454035766,-0.07938050963507948,0.01582585382638777,0.09078488608911524,0.17651013751724612
2020-02-26,0.0037941349290903908,0.0030091500453905047,0.001646710276553165,0.6309912016738718,0.01441352649942627,-0.07773379935852631,0.0013624397688373397,0.09214732585795259,0.20316988033616631
2020-02-27,-0.025058586008467526,-0.07089683088734872,-0.059692335575931565,0.6059326156654042,-0.05648330438792244,-0.13742613493445788,-0.01120449531141715,0.08094283054653544,0.22825012499847724
2020-02-28,0.008620999491817903,0.04184131362466019,0.04046564488789528,0.6145536151572222,-0.014641990763262253,-0.0969604900465626,0.0013756687367649095,0.08231849928330034,0.2260060923406352
2020-03-02,0.003960442465397939,0.01417144570315193,0.013401512195596155,0.6185140576226201,-0.00047054506011032227,-0.08355897785096644,0.0007699335075557756,0.08308843279085612,0.21936626221734257
2020-03-03,0.009301342004416154,0.010691133485826064,0.00493326598906485,0.6278153996270363,0.010220588425715741,-0.07862571186190159,0.005757867496761214,0.08884630028761734,0.19623563872595676
2020-03-04,0.0059962190052760345,0.017956178476974585,0.01424027899698821,0.6338116186323123,0.028176766902690324,-0.06438543286491338,0.0037158994799863752,0.09256219976760371,0.20620242168537137
2020-03-05,-0.0010852824158371212,-0.0019742541674167627,-0.0030281551570414678,0.6327263362164751,0.02620251273527356,-0.06741358802195485,0.001053900989624705,0.09361610075722841,0.2324613247572515
2020-03-06,-0.00300787768959621,-0.03934669608623944,-0.040036158950341516,0.6297184585268789,-0.013144183350965878,-0.10744974697229637,0.0006894628641020764,0.0943055636213305,0.24684915177069178
2020-03-09,-0.004030972968454455,0.02169101842671082,0.02558666471238702,0.6256874855584245,0.00854683507574494,-0.08186308225990935,-0.0038956462856762006,0.09040991733565429,0.2106621885590647
2020-03-10,0.0026535438267026993,-0.013043858827655108,-0.013544947308801625,0.6283410293851271,-0.004497023751910167,-0.09540802956871097,0.000501088481146517,0.09091100581680081,0.19979237304995776
2020-03-11,0.002323364901457018,-0.01920892853399781,-0.020337975296294886,0.6306643942865842,-0.02370595228590798,-0.11574600486500586,0.0011290467622970743,0.09204005257909788,0.17348494638215073
2020-03-12,-0.0031789130290204586,-0.013700575161711298,-0.009070724114339512,0.6274854812575636,-0.03740652744761928,-0.12481672897934537,-0.004629851047371786,0.0874102015317261,0.1734602715382181
2020-03-13,0.007987397207426982,-0.04528568132280378,-0.04959800761304223,0.6354728784649907,-0.08269220877042305,-0.1744147365923876,0.00431232629023845,0.09172252782196455,0.16395927593093818
2020-03-16,0.004519785504811022,-0.0013532105008209813,-0.0026292029879186885,0.6399926639698017,-0.08404541927124402,-0.1770439395803063,0.001275992487097707,0.09299852030906226,0.16329560993820308
2020-03-17,0.009815877463432805,-0.012165740620372895,-0.015503550229828633,0.6498085414332345,-0.09621115989161692,-0.19254748981013492,0.0033378096094557382,0.096336329918518,0.1596201807962324
2020-03-18,0.001382970081275835,0.010304268143466796,0.010934494238821202,0.6511915115145104,-0.08590689174815012,-0.18161299557131372,-0.000630226095354406,0.0957061038231636,0.15466480819211842
2020-03-19,-0.0015973003450353203,0.009826992861024512,0.009439789689370315,0.649594211169475,-0.07607989888712562,-0.1721732058819434,0.00038720317165419696,0.09609330699481779,0.16074019805827794
2020-03-20,0.0013175920807605198,-0.04146337237761167,-0.045809261583229954,0.6509118032502356,-0.11754327126473729,-0.21798246746517336,0.004345889205618285,0.10043919620043606,0.16800730174501063
2020-03-23,0.003679394329552299,0.018309664577753702,0.01841756875473699,0.6545911975797879,-0.09923360668698358,-0.19956489871043637,-0.00010790417698328808,0.10033129202345278,0.1504681177540675
2020-03-24,0.007752354958138035,0.026164129781792014,0.023177566719093434,0.662343552537926,-0.07306947690519157,-0.17638733199134293,0.00298656306269858,0.10331785508615136,0.1638710136230297
2020-03-25,0.004321149377893025,-0.008716515535777833,-0.009107274051505243,0.6666647019158191,-0.0817859924409694,-0.18549460604284818,0.00039075851572741016,0.10370861360187877,0.20303720485174145
2020-03-26,0.0006084492124034243,-0.005975497082032268,-0.007502220015568994,0.6672731511282225,-0.08776148952300167,-0.19299682605841717,0.0015267229335367265,0.1052353365354155,0.1769554761715968
2020-03-27,-0.00031302104519962445,-0.023106108555166174,-0.02519984044401191,0.6669601300830229,-0.11086759807816784,-0.21819666650242908,0.002093731888845738,0.10732906842426124,0.1628382550905029
2020-03-30,0.0042225428574381605,0.0013259849879026088,0.002162168867293701,0.6711826729404611,-0.10954161309026524,-0.21603449763513538,-0.0008361838793910924,0.10649288454487014,0.1549600371539994
2020-03-31,0.013178009511718651,-4.947884648132789e-05,-0.004400458074430347,0.6843606824521797,-0.10959109193674656,-0.22043495570956573,0.004350979227949019,0.11084386377281917,0.17667028653658062
2020-04-01,0.003981286751781059,0.024119985744782125,0.024732050200842792,0.6883419692039608,-0.08547110619196444,-0.19570290550872294,-0.0006120644560606674,0.1102317993167585,0.1702017519540176
2020-04-02,-0.0031467418882731896,-0.005929634255278662,-0.005700919012548766,0.6851952273156876,-0.0914007404472431,-0.2014038245212717,-0.00022871524272989607,0.1100030840740286,0.17891910886539292
2020-04-03,-0.004323967442264023,0.03078478350909421,0.03357668962036797,0.6808712598734236,-0.06061595693814889,-0.16782713490090373,-0.0027919061112737613,0.10721117796275484,0.1734988918606659
2020-04-07,0.002189147669715196,0.004400828515214033,0.004023260021760677,0.6830604075431388,-0.05621512842293486,-0.16380387487914305,0.00037756849345335543,0.1075887464562082,0.17570366775361476
2020-04-08,0.004725060541424176,0.012057038144290785,0.012363757352865434,0.687785468084563,-0.04415809027864407,-0.15144011752627762,-0.0003067192085746493,0.10728202724763355,0.19336301976350395
2020-04-09,-0.002019378349742604,-0.02657677077442408,-0.026558961293780214,0.6857660897348203,-0.07073486105306814,-0.17799907882005783,-1.780948064386556e-05,0.10726421776698969,0.189437693065494
2020-04-10,-0.0015419289060591534,-0.011058399834016925,-0.01046257268156836,0.6842241608287611,-0.08179326088708506,-0.1884616515016262,-0.0005958271524485644,0.10666839061454113,0.193978077022186
2020-04-13,0.004040985148348832,0.019812660816281732,0.020078100891222306,0.68826514597711,-0.06198060007080333,-0.1683835506104039,-0.0002654400749405733,0.10640295053960055,0.1854764585768895
2020-04-14,0.006398404533639199,-0.0038661185874752754,-0.006000520685290667,0.6946635505107491,-0.06584671865827861,-0.17438407129569455,0.0021344020978153913,0.10853735263741594,0.1898585847669182
2020-04-15,0.0015607227634437113,0.005000011609335424,0.007573334216564476,0.6962242732741928,-0.06084670704894319,-0.16681073707913008,-0.002573322607229052,0.1059640300301869,0.1996955092519744
2020-04-16,0.00792350446943568,0.004715807666626653,0.001593706249705562,0.7041477777436285,-0.05613089938231654,-0.16521703082942452,0.003122101416921091,0.10908613144710798,0.20667968425838953
2020-04-17,-0.002329193259211509,0.012760342349326673,0.016215956428329292,0.7018185844844169,-0.043370557032989865,-0.14900107440109522,-0.0034556140790026196,0.10563051736810536,0.18912427396799925
2020-04-20,-0.0002458091083774887,-0.005094948271817457,-0.0052510700364098994,0.7015727753760395,-0.048465505304807324,-0.15425214443750512,0.0001561217645924427,0.1057866391326978,0.18673685704238235
2020-04-21,0.0003523089127804038,0.008850674275918777,0.009233461587264458,0.7019250842888198,-0.03961483102888855,-0.14501868285024067,-0.0003827873113456809,0.10540385182135212,0.16765359750279923
2020-04-22,-0.005598131840184265,-0.00729687453453118,-0.006383934933939628,0.6963269524486355,-0.046911705563419726,-0.1514026177841803,-0.000912939600591552,0.10449091222076057,0.1925736388465994
2020-04-23,0.0013136314165263041,-0.019362936821952188,-0.01988241447771877,0.6976405838651618,-0.06627464238537191,-0.17128503226189906,0.0005194776557665808,0.10501038987652715,0.19546541122248773
2020-04-24,0.0008367827589266337,-0.008918635180205175,-0.005273868244668023,0.6984773666240884,-0.07519327756557709,-0.17655890050656708,-0.003644766935537152,0.10136562294099,0.17261011013315647
2020-04-27,-0.002731322160560644,-0.023381691205296283,-0.01507300769646136,0.6957460444635278,-0.09857496877087338,-0.19163190820302844,-0.008308683508834923,0.09305693943215507,0.1903250146951049
2020-04-28,0.0025887818314153386,-0.001082658659958215,-0.0024430497624106096,0.6983348262949431,-0.09965762743083159,-0.19407495796543905,0.0013603911024523945,0.09441733053460746,0.19320401777891594
2020-04-29,0.011565976495422342,0.026145142887944627,0.02325782705792534,0.7099008027903655,-0.07351248454288696,-0.17081713090751371,0.0028873158300192873,0.09730464636462675,0.23406562411063486
2020-04-30,0.0009072894132499854,0.01786040365336148,0.021646589819090067,0.7108080922036155,-0.05565208088952548,-0.14917054108842365,-0.0037861861657285875,0.09351846019889817,0.22384434120903463
2020-05-06,-0.0015951309014788754,-0.0036638167237998146,-0.0011289078476490744,0.7092129613021366,-0.05931589761332529,-0.15029944893607272,-0.0025349088761507403,0.09098355132274744,0.20345546891918848
2020-05-07,-0.0005039145931590387,0.01044575753831711,0.011475651142790255,0.7087090467089776,-0.04887014007500819,-0.13882379779328247,-0.0010298936044731456,0.08995365771827428,0.16117996611592642
2020-05-08,-0.004538220444360402,-0.003287750967333324,-0.0018716526535982325,0.7041708262646172,-0.05215789104234151,-0.1406954504468807,-0.0014160983137350915,0.0885375594045392,0.1536496589310042
2020-05-11,-0.005542365912498332,-0.0038837092877923073,0.0030206202477671695,0.6986284603521189,-0.05604160033013382,-0.13767483019911353,-0.006904329535559477,0.08163322986897971,0.1360930221097088
2020-05-12,0.0014779365660800069,0.007412534054614629,0.008063534251052218,0.7001063969181989,-0.04862906627551919,-0.1296112959480613,-0.000651000196437589,0.08098222967254212,0.1431488826394707
2020-05-13,-0.00923900937766308,-0.014098586777842608,-0.009132355182414287,0.6908673875405358,-0.0627276530533618,-0.1387436511304756,-0.004966231595428321,0.0760159980771138,0.15203110390981683
2020-05-14,-0.002497956065252915,0.00054473807603752,0.004550303974108161,0.6883694314752828,-0.062182914977324276,-0.13419334715636744,-0.00400556589807064,0.07201043217904315,0.15078122827146734
2020-05-15,-0.0024866419020732476,-0.007690906439978745,-0.00509515154649165,0.6858827895732096,-0.06987382141730303,-0.1392884987028591,-0.0025957548934870955,0.06941467728555606,0.1605887702312478
2020-05-18,-0.008521563521945589,0.005596641296476738,0.012979553915069886,0.677361226051264,-0.06427718012082628,-0.1263089447877892,-0.007382912618593147,0.06203176466696292,0.14915068615921329
2020-05-19,-0.002008149966747697,-0.01129707438951131,-0.011990545236134409,0.6753530760845163,-0.07557425451033759,-0.1382994900239236,0.0006934708466230996,0.06272523551358603,0.1570891781339549
2020-05-20,-0.004807565357711881,-0.013484661868049821,-0.012730365942596578,0.6705455107268045,-0.0890589163783874,-0.1510298559665202,-0.0007542959254532439,0.06197093958813278,0.16384243616067998
2020-05-21,-0.000748523516944503,-0.01802731079123411,-0.018760991296780105,0.6697969872098599,-0.10708622716962152,-0.1697908472633003,0.0007336805055459944,0.06270462009367878,0.17083140961994792
2020-05-22,-0.0005270555777865942,-0.003232101160738872,-0.002117653742930159,0.6692699316320734,-0.11031832833036039,-0.17190850100623045,-0.0011144474178087132,0.06159017267587007,0.17238057709213675
2020-05-25,0.0042804912302193574,0.024033627850640935,0.02379384103625881,0.6735504228622927,-0.08628470047971945,-0.14811465996997164,0.00023978681438212301,0.06182995949025219,0.17644161366514466
2020-05-26,0.00022624084019403878,-0.003259163616370128,-0.006297604463460615,0.6737766637024868,-0.08954386409608958,-0.15441226443343226,0.0030384408470904875,0.06486840033734267,0.16561710995385406
2020-05-27,0.0005818945775630245,-0.002546371866475923,-0.0022819345244506906,0.6743585582800498,-0.0920902359625655,-0.15669419895788295,-0.00026443734202523253,0.06460396299531744,0.15474151556271007
2020-05-28,5.5889040411944244e-05,0.007698391671466777,0.00993037523871898,0.6744144473204617,-0.08439184429109872,-0.14676382371916397,-0.0022319835672522034,0.062371979428065244,0.16206717996718917
2020-05-29,0.003977289251725168,0.030159970769867397,0.030041583864976573,0.6783917365721869,-0.05423187352123132,-0.11672223985418739,0.00011838690489082357,0.06249036633295607,0.1786542869501061
2020-06-01,0.006113514521351707,0.005808089410350393,0.001508925098931968,0.6845052510935385,-0.04842378411088093,-0.11521331475525542,0.004299164311418425,0.0667895306443745,0.20016820729148774
2020-06-02,0.001023710126190731,-0.0006492701009182724,-0.0013667045592793414,0.6855289612197293,-0.0490730542117992,-0.11658001931453477,0.000717434458361069,0.06750696510273557,0.1791139267586715
2020-06-03,0.0018154349854015304,0.002290737077611092,0.0020209311413967868,0.6873443962051308,-0.04678231713418811,-0.11455908817313798,0.00026980593621430543,0.06777677103894987,0.18989417839517855
2020-06-04,0.00709997248939833,0.0022551322514264087,0.0014244777540284304,0.6944443686945291,-0.0445271848827617,-0.11313461041910955,0.0008306544973979784,0.06860742553634785,0.17168823199753627
2020-06-05,0.004815349111933723,0.001200796705148056,-0.002312754430631614,0.6992597178064628,-0.043326388177613646,-0.11544736484974116,0.00351355113577967,0.07212097667212752,0.17623101350013687
2020-06-08,-7.547523651776827e-05,0.005822590243917641,0.006792552189034851,0.699184242569945,-0.03750379793369601,-0.10865481266070631,-0.0009699619451172094,0.0711510147270103,0.15990167242186468
2020-06-09,0.0030569743275383654,0.0002408245258247697,0.001155623353225721,0.7022412168974834,-0.03726297340787124,-0.10749918930748059,-0.0009147988274009512,0.07023621589960935,0.16015395557332698
2020-06-10,-0.00029745834396176967,-0.003927425286819047,-0.0036290491122681345,0.7019437585535216,-0.04119039869469029,-0.11112823841974873,-0.0002983761745509123,0.06993783972505843,0.1640559973395681
2020-06-11,0.002233313928541768,0.0021848251738127906,0.0006240204583463083,0.7041770724820634,-0.039005573520877496,-0.11050421796140242,0.0015608047154664823,0.07149864444052492,0.16374015360225544
2020-06-12,-0.004508197107334298,-0.00073927879424858,-0.0003673759184721348,0.6996688753747291,-0.039744852315126075,-0.11087159387987455,-0.0003719028757764452,0.07112674156474848,0.16606738003327057
2020-06-15,-0.001271805977779676,0.01592073462586922,0.020152314235335922,0.6983970693969495,-0.023824117689256855,-0.09071927964453863,-0.004231579609466702,0.06689516195528178,0.17189539256842346
2020-06-16,0.005387021108701803,0.006708297506922934,0.004291356404170443,0.7037840905056513,-0.017115820182333923,-0.08642792324036819,0.002416941102752491,0.06931210305803426,0.21274269198526638
2020-06-17,0.0008436975069646916,-0.0032354001727682093,-0.004680967811193426,0.7046277880126159,-0.02035122035510213,-0.09110889105156161,0.0014455676384252168,0.07075767069645948,0.19834371236710047
2020-06-18,0.0025640300769366846,0.005980449456608704,0.006131306774724621,0.7071918180895527,-0.014370770898493427,-0.08497758427683699,-0.0001508573181159172,0.07060681337834357,0.1928195730318915
2020-06-19,0.002011630768594863,0.006041358521607658,0.006590050446622087,0.7092034488581476,-0.008329412376885769,-0.0783875338302149,-0.0005486919250144284,0.07005812145332914,0.1792645013638748
2020-06-22,-0.001282278206384061,-0.00045786784687061453,0.0017455648404709478,0.7079211706517635,-0.008787280223756383,-0.07664196898974396,-0.0022034326873415625,0.06785468876598758,0.16851569556463256
2020-06-23,-0.0008222856974865002,-0.0038255321680601678,-0.001817323811605931,0.707098884954277,-0.01261281239181655,-0.07845929280134989,-0.002008208356454237,0.06584648040953334,0.19395469015470274
2020-06-24,-0.002070064097356031,-0.00454866840536679,-0.002602793380150459,0.705028820856921,-0.01716148079718334,-0.08106208618150035,-0.0019458750252163313,0.06390060538431701,0.17110895836884335
2020-06-29,-2.5222134771163428e-06,0.016031856536248903,0.01726561810539451,0.7050262986434439,-0.0011296242609344365,-0.06379646807610584,-0.0012337615691456055,0.0626668438151714,0.19591694590579214
2020-06-30,-0.0001821582027218832,0.004388035104104135,0.003130236931379926,0.704844140440722,0.0032584108431696988,-0.06066623114472591,0.0012577981727242091,0.06392464198789562,0.19258151568566448
2020-07-01,0.006473236487501943,0.014546771968639571,0.011696459803474113,0.7113173769282239,0.01780518281180927,-0.0489697713412518,0.0028503121651654584,0.06677495415306106,0.19141913284902626
2020-07-02,0.006524699809192315,0.010917466283704996,0.009990832702483132,0.7178420767374163,0.028722649095514266,-0.03897893863876867,0.0009266335812218637,0.06770158773428293,0.16933483222819992
2020-07-03,0.0038362946312273383,0.03804532479272246,0.037513598030283646,0.7216783713686437,0.06676797388823673,-0.0014653406084850218,0.0005317267624388167,0.06823331449672175,0.17361499493919746
2020-07-06,0.0032884591147880455,0.01396404460890149,0.013566324645497119,0.7249668304834317,0.08073201849713822,0.012100984037012097,0.0003977199634043714,0.06863103446012613,0.19518041996174001
2020-07-07,-0.0021128937177118425,0.02191631500215354,0.022642102075563386,0.7228539367657199,0.10264833349929176,0.03474308611257548,-0.0007257870734098462,0.06790524738671627,0.19090729247364743
2020-07-08,-0.0002882323742656171,0.027671557765777725,0.029414051455324497,0.7225657043914543,0.1303198912650695,0.06415713756789998,-0.0017424936895467716,0.06616275369716951,0.1739186686992861
2020-07-09,-0.004340225157544489,-0.007335681885043785,-0.004430828919998575,0.7182254792339098,0.1229842093800257,0.059726308647901405,-0.00290485296504521,0.0632579007321243,0.1785560071358658
2020-07-10,-0.0011851585834197515,0.03226877115180992,0.034725202179352266,0.7170403206504901,0.15525298053183562,0.09445151082725367,-0.0024564310275423454,0.060801469704581945,0.17079712158403174
2020-07-13,-0.0013154696796772222,-0.008807281660589314,-0.007878778380771223,0.7157248509708128,0.1464456988712463,0.08657273244648245,-0.0009285032798180912,0.05987296642476386,0.1620660023689479
2020-07-14,0.0014292583093143962,-0.029107431364859826,-0.029501634548363853,0.7171541092801272,0.11733826750638648,0.057071097898118595,0.00039420318350402717,0.06026716960826789,0.1642844030634119
2020-07-15,-0.00039750064426330656,-0.05022709928253869,-0.05376873819611738,0.7167566086358639,0.0671111682238478,0.003302359702001212,0.0035416389135786916,0.06380880852184659,0.17851317114448337
2020-07-16,-0.0020363114593819455,-0.00211474609033861,0.002127300831121559,0.7147202971764819,0.06499642213350919,0.005429660533122771,-0.00424204692146017,0.05956676160038642,0.18988879482956275
2020-07-17,-0.006695371187965514,0.029419844926618696,0.03355884810161136,0.7080249259885164,0.09441626706012789,0.03898850863473413,-0.004139003174992665,0.055427758425393756,0.18069892046697275
2020-07-20,0.005671330604885095,0.010240465152985132,0.007839864459027623,0.7136962565934015,0.10465673221311302,0.046828373093761755,0.0024006006939575088,0.05782835911935126,0.17521849014235938
2020-07-21,0.0008949331625089403,0.007736585896667026,0.009415764430942275,0.7145911897559105,0.11239331810978004,0.05624413752470403,-0.001679178534275249,0.05614918058507601,0.164556272467976
2020-07-22,-0.0040362863402619315,-0.004999008780448935,-0.0008279959426644723,0.7105549034156485,0.1073943093293311,0.05541614158203956,-0.0041710128377844624,0.05197816774729154,0.1637990927346838
2020-07-23,-0.004304065938274217,-0.04893147146426781,-0.04820107805075935,0.7062508374773743,0.05846283786506329,0.007215063531280208,-0.0007303934135084594,0.05124777433378308,0.17011557307892727
2020-07-24,-0.009211647535376587,-0.005776231356315819,0.00027916545024098127,0.6970391899419977,0.05268660650874747,0.007494228981521189,-0.0060553968065568,0.04519237752722628,0.16003373075908253
2020-07-27,0.006992678383547639,0.013669820870583115,0.010467880864050372,0.7040318683255453,0.06635642737933059,0.01796210984557156,0.0032019400065327434,0.04839431753375903,0.16018538989643388
2020-07-28,0.0034893345944536323,0.029140944081263994,0.029113286380969328,0.707521202919999,0.09549737146059459,0.04707539622654089,2.7657700294666382e-05,0.0484219752340537,0.16291790576902843
2020-07-29,-0.011654091529067843,-0.006711455413530544,-0.0016376752515352422,0.6958671113909312,0.08878591604706404,0.04543772097500565,-0.005073780161995302,0.04334819507205839,0.15553812302144254
2020-07-30,-0.005325411609471914,0.010219010294457289,0.013052610755575955,0.6905416997814593,0.09900492634152133,0.0584903317305816,-0.002833600461118666,0.04051459461093973,0.1405470202459492
2020-07-31,-0.0031136400305642664,0.028749081304119625,0.03193523420799771,0.687428059750895,0.12775400764564096,0.09042556593857931,-0.0031861529038780846,0.03732844170706165,0.14723289916983934
2020-08-03,0.007999728200811613,-0.004064806495258259,-0.006415451394602201,0.6954277879517067,0.1236892011503827,0.08401011454397711,0.002350644899343942,0.039679086606405595,0.16185923591291307
2020-08-04,-0.004602660312955957,0.008951184921643237,0.013691966019644397,0.6908251276387507,0.13264038607202594,0.09770208056362151,-0.0047407810980011605,0.03493830550840443,0.15466024928046257
2020-08-05,0.0008986637625828175,-0.0007604152059017607,0.0007505810430536997,0.6917237914013336,0.13187997086612419,0.09845266160667521,-0.0015109962489554603,0.03342730925944898,0.15422842475678417
2020-08-06,-0.0066104484168854165,-0.016998110833622883,-0.01258491671223716,0.6851133429844481,0.11488186003250131,0.08586774489443805,-0.004413194121385723,0.029014115138063262,0.15925518130345923
2020-08-07,0.006973811441541137,0.007155361264298311,0.0025921673716400306,0.6920871544259893,0.12203722129679961,0.08845991226607808,0.004563193892658281,0.033577309030721536,0.1675555237456286
2020-08-10,0.0016064738797783031,-0.019434945455874396,-0.019958627712881594,0.6936936283057676,0.10260227584092521,0.06850128455319648,0.0005236822570071978,0.03410099128772873,0.17270948013344142
2020-08-11,-0.0004683824393139818,-0.012399521351031806,-0.016929230147088248,0.6932252458664536,0.0902027544898934,0.051572054406108236,0.004529708796056442,0.03863070008378516,0.18772297150508857
2020-08-12,0.0003907133923920675,0.0039424322860517474,0.003037348193707601,0.6936159592588457,0.09414518677594515,0.05460940259981584,0.0009050840923441467,0.03953578417612931,0.20176534161725343
2020-08-13,0.0012895404888770814,0.007750066187120426,0.009795720942978647,0.6949054997477228,0.10189525296306558,0.06440512354279448,-0.0020456547558582215,0.03749012942027109,0.21040958689727104
2020-08-14,-0.00514956106759536,0.018450202514423246,0.02144654451482708,0.6897559386801274,0.12034545547748882,0.08585166805762157,-0.0029963420004038357,0.03449378741986725,0.18389888775318097
2020-08-17,-0.0016205450871984112,0.009208469615896152,0.00956591887841185,0.688135393592929,0.12955392509338498,0.09541758693603342,-0.0003574492625156977,0.034136338157351565,0.15949431034136255
2020-08-18,0.0022853811231749953,-0.017827603596972993,-0.021016181653669364,0.690420774716104,0.11172632149641198,0.07440140528236405,0.0031885780566963708,0.03732491621404793,0.1519430375936688
2020-08-19,0.003387495459959048,-0.012040013730987668,-0.014558089444975053,0.6938082701760631,0.09968630776542431,0.059843315837389,0.0025180757139873847,0.03984299192803531,0.15475410836200365
2020-08-20,0.005038104399151562,0.007601672079316754,0.005996727051057249,0.6988463745752146,0.10728797984474106,0.06584004288844625,0.001604945028259505,0.04144793695629481,0.16329356355935612
2020-08-21,0.0040297207821212554,0.008858415261656134,0.00821796620836679,0.7028760953573359,0.1161463951063972,0.07405800909681304,0.0006404490532893447,0.04208838600958416,0.18364968666860818
2020-08-24,0.0037269231894743564,-0.001991829071188981,-0.005523842045230154,0.7066030185468102,0.11415456603520821,0.06853416705158288,0.003532012974041173,0.045620398983625327,0.17797958761710614
2020-08-25,0.004495446706050918,-0.02071518748366105,-0.024658699834271047,0.7110984652528611,0.09343937855154716,0.043875467217311837,0.003943512350609996,0.04956391133423532,0.18774163788814693
2020-08-26,-0.0032018355558228575,0.007193592630434676,0.01071620943876539,0.7078966296970383,0.10063297118198183,0.054591676656077226,-0.0035226168083307132,0.04604129452590461,0.19326273873722657
2020-08-27,0.008735691544296714,0.013592495351735548,0.012707851098193501,0.716632321241335,0.11422546653371739,0.06729952775427073,0.0008846442535420471,0.04692593877944666,0.18324154222934702
2020-08-28,-0.0030183479537936268,0.0016692784774807539,0.0026702393635158472,0.7136139732875414,0.11589474501119815,0.06996976711778657,-0.0010009608860350933,0.04592497789341157,0.18087918559072572
2020-08-31,-0.007965199689044038,0.0005707643756042843,0.004811382779042361,0.7056487735984973,0.11646550938680243,0.07478114989682894,-0.004240618403438077,0.041684359489973496,0.16720927464546412
2020-09-01,-0.009008828337137054,0.00017401259558139326,0.0018906641737945762,0.6966399452613603,0.11663952198238382,0.07667181407062351,-0.0017166515782131829,0.03996770791176031,0.16553977395392178
2020-09-02,0.0048889282051722245,-0.010131972451553522,-0.011445419519214184,0.7015288734665325,0.1065075495308303,0.06522639455140933,0.0013134470676606624,0.041281154979420975,0.1715558693049588
2020-09-03,-0.005331828464868211,-0.001964377326806701,-0.0010792261555163662,0.6961970450016642,0.10454317220402361,0.06414716839589296,-0.0008851511712903346,0.040396003808130646,0.17056444344086522
2020-09-04,-0.010552062369756523,-0.018396845089471044,-0.017545006934803098,0.6856449826319078,0.08614632711455256,0.046602161461089864,-0.0008518381546679457,0.03954416565346269,0.1767802313063788
2020-09-07,-0.017135688045425007,0.001883206932085431,0.006481829321982602,0.6685092945864828,0.08802953404663799,0.053083990783072466,-0.00459862238989717,0.034945543263565526,0.17503418272473045
2020-09-08,0.01706578495456222,-0.025455911067615394,-0.03225933506055334,0.685575079541045,0.0625736229790226,0.020824655722519125,0.0068034239929379466,0.04174896725650347,0.16882894120049097
2020-09-09,0.039306899750271546,-0.02412984183810353,-0.036078670463785656,0.7248819792913166,0.038443781140919064,-0.01525401474126653,0.011948828625682126,0.053697795882185595,0.17927086554799446
2020-09-10,-0.0035036502601825123,0.015104487009673742,0.01617405300167718,0.7213783290311341,0.053548268150592805,0.0009200382604106494,-0.0010695659920034375,0.052628229890182156,0.1805610554697382
2020-09-11,-0.021483402041441963,0.00786228388903575,0.015643575907549945,0.6998949269896921,0.06141055203962856,0.016563614167960594,-0.007781292018514194,0.04484693787166796,0.16407258487001092
2020-09-14,0.007538185460376032,0.00608022330974895,0.004840116448981746,0.7074331124500681,0.0674907753493775,0.02140373061694234,0.0012401068607672035,0.04608704473243516,0.14825446045978138
2020-09-15,0.00044549823795176643,-0.009544546632620178,-0.010029557736736194,0.7078786106880199,0.05794622871675732,0.011374172880206146,0.0004850111041160166,0.04657205583655118,0.14980693859253816
2020-09-16,0.0020726068974841073,0.002591851778653141,0.0017951086571912356,0.7099512175855041,0.060538080495410464,0.013169281537397381,0.0007967431214619056,0.04736879895801308,0.14462814375512276
2020-09-17,0.009023725667588033,0.0178337054957116,0.015211549071908692,0.7189749432530921,0.07837178599112206,0.028380830609306074,0.0026221564238029064,0.049990955381815985,0.15189106764171723
2020-09-18,0.003416696318177628,0.0012915347155043734,-0.00037200086999256143,0.7223916395712697,0.07966332070662643,0.028008829739313512,0.0016635355854969348,0.05165449096731292,0.14400559059810372
2020-09-21,0.0032717590972399877,-0.0157123695825066,-0.01621414683831901,0.7256633986685097,0.06395095112411983,0.011794682900994502,0.0005017772558124113,0.05215626822312533,0.14001546231725703
2020-09-22,-0.002549753625336361,0.005255391229211357,0.006899565102074234,0.7231136450431733,0.06920634235333119,0.018694248003068736,-0.001644173872862877,0.05051209435026245,0.15267763490222985
2020-09-23,0.004151194451746592,-0.026309574254005808,-0.02774769135695898,0.7272648394949199,0.04289676809932538,-0.009053443353890245,0.001438117102953173,0.05195021145321563,0.18183504176727233
2020-09-24,0.004856786623843226,-0.003097760118815836,-0.006125429764033186,0.7321216261187632,0.039799007980509546,-0.01517887311792343,0.00302766964521735,0.054977881098432976,0.1791485922220128
2020-09-25,0.0030946870010026563,-0.01282338906390352,-0.012745147164826776,0.7352163131197659,0.026975618916606027,-0.027924020282750206,-7.824189907674507e-05,0.05489963919935623,0.18281683572018373
2020-09-28,0.00011637211970340476,0.010078218880439159,0.010729835055750314,0.7353326852394693,0.037053837797045186,-0.017194185226999892,-0.0006516161753111552,0.05424802302404508,0.1672178391726597
2020-09-29,0.001536686539949969,-0.0017782027703286104,-0.0005851253069302231,0.7368693717794192,0.03527563502671657,-0.017779310533930115,-0.0011930774633983872,0.05305494556064669,0.17357015109037216
2020-09-30,-0.004566407894642955,0.027248886474941794,0.030540063542900953,0.7323029638847763,0.06252452150165837,0.012760753008970838,-0.0032911770679591584,0.04976376849268753,0.18221433163757692
2020-10-09,0.0011471277993718868,0.03035019559809618,0.030872811491317265,0.7334500916841482,0.09287471709975455,0.0436335645002881,-0.0005226158932210845,0.049241152599466445,0.19470558082826459
2020-10-12,0.0013028616275779562,0.0029984937469424706,0.002497604871859238,0.7347529533117262,0.09587321084669702,0.04613116937214734,0.0005008888750832326,0.04974204147454968,0.18710844754832093
2020-10-13,-0.0039025649155182513,-0.01188503117983123,-0.009295006144309781,0.730850388396208,0.08398817966686578,0.03683616322783756,-0.0025900250355214496,0.04715201643902822,0.19262207289175787
2020-10-14,0.0013285793431042788,-0.0092574069523046,-0.008876936362382182,0.7321789677393122,0.07473077271456117,0.027959226865455378,-0.000380470589922419,0.0467715458491058,0.20293501761077923
2020-10-15,0.0006429581888779122,-0.0015455508544658049,-0.002957791963218881,0.7328219259281902,0.07318522186009536,0.025001434902236497,0.001412241108753076,0.04818378695785887,0.21841780488657875
2020-10-16,0.001413912404854977,-0.003809999402682306,-0.006979090147060774,0.7342358383330452,0.06937522245741305,0.018022344755175723,0.0031690907443784676,0.05135287770223733,0.236328726441321
2020-10-19,0.0067161947447065135,0.013125365875933517,0.009436962618384115,0.7409520330777517,0.08250058833334657,0.027459307373559838,0.0036884032575494018,0.055041280959786734,0.20040510376382037
2020-10-20,-0.005319225170768407,-0.01751592925787594,-0.015765014251149623,0.7356328079069833,0.06498465907547063,0.011694293122410215,-0.0017509150067263161,0.053290365953060415,0.19999749911602607
2020-10-21,0.0010804773253619412,-0.004999511496779038,-0.006371673615642948,0.7367132852323452,0.05998514757869159,0.005322619506767268,0.0013721621188639097,0.05466252807192432,0.1827695741021073
2020-10-22,-0.0022785682726328953,-0.01847479420360849,-0.01945588428367273,0.7344347169597124,0.0415103533750831,-0.014133264776905463,0.0009810900800642404,0.055643618151988566,0.17019279727395675
2020-10-23,0.0003674524508931275,0.0002879214924392311,0.0010822997390924627,0.7348021694106055,0.041798274867522335,-0.013050965037813,-0.0007943782466532316,0.054849239905335335,0.15430941036703227
2020-10-26,0.002514546018704381,0.003742923087449045,0.005103371735005524,0.7373167154293099,0.04554119795497138,-0.007947593302807476,-0.0013604486475564791,0.053488791257778855,0.17516247098088933
2020-10-27,-0.0007185789954823604,0.0005494883612531092,0.00043258636584120325,0.7365981364338275,0.04609068631622449,-0.007515006936966273,0.00011690199541190599,0.05360569325319076,0.15634023231700322
2020-10-28,0.004099886239047645,-0.001545033562023113,-0.001599875109320692,0.7406980226728752,0.04454565275420138,-0.009114882046286965,5.484154729757892e-05,0.053660534800488345,0.16679421084427098
2020-10-29,-0.001310244881852752,-0.027184605822479082,-0.02481320168061174,0.7393877777910225,0.017361046931722298,-0.033928083726898706,-0.0023714041418673414,0.05128913065862101,0.18530648293636814
2020-10-30,-0.006870718110688543,-0.0036499913243611738,0.0004038251055042963,0.732517059680334,0.013711055607361125,-0.03352425862139441,-0.00405381642986547,0.047235314228755536,0.173382113432036
2020-11-02,0.005543806651956945,0.02276657796382105,0.020330996175140115,0.738060866332291,0.03647763357118217,-0.013193262446254295,0.0024355817886809357,0.04967089601743647,0.18428909137840938
2020-11-03,-0.0019912208447852337,-0.0035534505345604754,-0.0022428490681676294,0.7360696454875058,0.0329241830366217,-0.015436111514421924,-0.001310601466392846,0.048360294551043626,0.1840561166103736
2020-11-04,-0.0022955895423375046,0.016246730909302894,0.01826621800024064,0.7337740559451682,0.0491709139459246,0.0028301064858187175,-0.0020194870909377473,0.04634080746010588,0.17680498339289033
2020-11-05,-0.0022759827416075954,-0.011270806086753488,-0.009861596450981835,0.7314980732035606,0.03790010785917111,-0.007031489965163118,-0.0014092096357716521,0.04493159782433423,0.1662811019453428
2020-11-06,0.005166911220130613,0.025125631098530676,0.024124258819128386,0.7366649844236912,0.06302573895770179,0.017092768853965268,0.0010013722794022899,0.04593297010373652,0.15707110116438325
2020-11-09,0.002933805646780248,-0.007950552275098638,-0.010636176671910746,0.7395987900704715,0.05507518668260315,0.006456592182054521,0.0026856243968121085,0.04861859450054863,0.15429027971403722
2020-11-10,-0.00040444917171582193,-0.015589387373668735,-0.017222473246574665,0.7391943408987557,0.03948579930893442,-0.010765881064520144,0.001633085872905931,0.050251680373454566,0.15529865257775766
2020-11-11,-0.005184434555808374,-0.0005865185728718336,0.0019026924375058485,0.7340099063429473,0.03889928073606259,-0.008863188627014296,-0.002489211010377682,0.04776246936307688,0.17566704670825006
2020-11-12,-0.0010826069541654824,0.0008164937991921017,0.0014921112344286058,0.7329272993887818,0.03971577453525469,-0.00737107739258569,-0.0006756174352365042,0.04708685192784038,0.1807228685363154
2020-11-13,-0.008240658648747413,0.00547785563647323,0.009143770332553203,0.7246866407400343,0.04519363017172792,0.0017726929399675129,-0.0036659146960799725,0.04342093723176041,0.1812642752220622
2020-11-16,-0.003964199551057495,-0.010695120014903919,-0.009842133608820802,0.7207224411889768,0.034498510156824,-0.00806944066885329,-0.0008529864060831168,0.04256795082567729,0.16659540302430473
2020-11-17,0.000872802885642907,0.00034916484894507044,6.007251715267614e-05,0.7215952440746197,0.034847675005769074,-0.008009368151700613,0.0002890923317923943,0.04285704315746969,0.17158634306505152
2020-11-18,0.006516768873796501,0.007420447213566497,0.005422672884170865,0.7281120129484162,0.04226812221933557,-0.0025866952675297483,0.001997774329395632,0.04485481748686532,0.15824183184259738
2020-11-19,-0.0026146714643261776,0.005265947262878601,0.007060318399078724,0.7254973414840901,0.04753406948221417,0.004473623131548976,-0.0017943711362001236,0.043060446350665194,0.16038636377589743
2020-11-20,-0.004383255010221327,0.0031950696472257513,0.006137883024271318,0.7211140864738688,0.050729139129439924,0.010611506155820294,-0.0029428133770455665,0.04011763297361963,0.13994704046116535
2020-11-23,0.002331813396453281,0.0015627593733835454,4.111425688435588e-05,0.723445899870322,0.05229189850282347,0.01065262041270465,0.0015216451164991895,0.04163927809011882,0.14388544807404796
2020-11-24,0.0036015365146542565,-0.013518010729690754,-0.017204069815417,0.7270474363849763,0.03877388777313271,-0.0065514494027123504,0.0036860590857262458,0.04532533717584506,0.12853985419587916
2020-11-25,-0.001177329661958906,-0.00780900460556874,-0.007302482605226146,0.7258701067230173,0.03096488316756397,-0.013853932007938496,-0.0005065220003425937,0.04481881517550247,0.13274759221022583
2020-11-26,0.001329799775665047,-0.0009028618937975194,-0.00021245080418275109,0.7271999064986824,0.030062021273766452,-0.014066382812121248,-0.0006904110896147683,0.044128404085887696,0.15736465028083563
2020-11-27,-2.097148845769642e-05,-0.0031307564458766,-0.00292732505761073,0.7271789350102247,0.02693126482788985,-0.016993707869731978,-0.00020343138826587,0.04392497269762183,0.1594160540437594
2020-11-30,0.002205915663576448,0.013643525796777014,0.013628569852579986,0.7293848506738011,0.040574790624666866,-0.003365138017151992,1.4955944197028379e-05,0.04393992864181886,0.18046688823066495
2020-12-01,-0.0011109246474428193,0.0011777348053782616,0.0033432697440716197,0.7282739260263583,0.04175252543004513,-2.186827308037209e-05,-0.002165534938693358,0.0417743937031255,0.1886040638851278
2020-12-02,0.0023769947271270113,-0.002863344039036284,-0.0035499576308737346,0.7306509207534854,0.038889181391008845,-0.0035718259039541067,0.0006866135918374506,0.04246100729496295,0.16846392375089117
2020-12-03,-0.0019943829634232126,0.0016407984798635386,0.005169483792002438,0.7286565377900621,0.04052997987087238,0.0015976578880483316,-0.0035286853121389,0.03893232198282405,0.15178257238431028
2020-12-04,-0.0008635161171285441,-0.0034567811339107656,-0.002021940235191977,0.7277930216729336,0.03707319873696162,-0.0004242823471436452,-0.0014348408987187888,0.037497481084105264,0.1388850013366877
2020-12-07,0.005167110366099476,0.0015470669234512908,0.00020345466083071528,0.7329601320390331,0.038620265660412906,-0.00022082768631292993,0.0013436122626205756,0.038841093346725836,0.1686121390685111
2020-12-08,-0.001356984115556901,-0.021412307672429732,-0.019773681883183514,0.7316031479234762,0.017207957987983174,-0.019994509569496444,-0.0016386257892462182,0.03720246755747962,0.1713809475062553
2020-12-09,-0.0011723228871964159,-0.0021622006058063456,0.0004050513558180313,0.7304308250362799,0.015045757382176828,-0.019589458213678412,-0.002567251961624377,0.03463521559585524,0.17905210826651818
2020-12-10,-0.00031828312163855154,-0.017974753504513635,-0.016324698233807666,0.7301125419146414,-0.002928996122336807,-0.03591415644748608,-0.001650055270705969,0.03298516032514927,0.18140098768281715
2020-12-11,0.003339090318902895,0.009130159210841989,0.012019520344651369,0.7334516322335443,0.0062011630885051815,-0.02389463610283471,-0.0028893611338093803,0.03009579919133989,0.1696502571875795
2020-12-14,-0.0007841818448151119,0.001620961183351873,0.0029889072764017754,0.7326674503887292,0.007822124271857054,-0.020905728826432934,-0.0013679460930499025,0.02872785309828999,0.17967787561449425
2020-12-15,-0.0067172315576199395,-0.013475227939165467,-0.00808849833748937,0.7259502188311092,-0.005653103667308413,-0.028994227163922304,-0.005386729601676098,0.02334112349661389,0.20579826296253576
2020-12-16,0.012878155498902252,0.014865270228808123,0.008294131613746814,0.7388283743300115,0.00921216656149971,-0.02070009555017549,0.00657113861506131,0.0299122621116752,0.19989455470690506
2020-12-17,-0.0022841003330535494,-0.005489028994969473,-0.003713543300058575,0.7365442739969579,0.0037231375665302373,-0.024413638850234065,-0.0017754856949108982,0.028136776416764302,0.1877227807632057
2020-12-18,-7.202368064918104e-05,0.012366484581128595,0.017819524852420443,0.7364722503163087,0.016089622147658834,-0.006594113997813622,-0.005453040271291848,0.022683736145472456,0.1607509316077799
2020-12-21,-0.016384826234185634,-0.030984546262531144,-0.021390897076315696,0.7200874240821231,-0.01489492411487231,-0.027985011074129318,-0.009593649186215449,0.013090086959257008,0.16868231517013876
2020-12-22,-0.005848504056497015,0.0019234161729091133,0.007797571604031717,0.7142389200256261,-0.012971507941963197,-0.0201874394700976,-0.005874155431122604,0.007215931528134404,0.14470252548839646
2020-12-23,-0.013447492389627985,-0.026957704242005144,-0.016021178548641046,0.7007914276359981,-0.03992921218396834,-0.03620861801873865,-0.010936525693364098,-0.0037205941652296917,0.1490369902880556
2020-12-24,0.005890234843454656,0.010928650501869622,0.009948157649830591,0.7066816624794527,-0.02900056168209872,-0.026260460368908056,0.0009804928520390308,-0.0027401013131906626,0.1651535701438126
2020-12-25,-0.013457745337488631,-0.017690451712726086,-0.006391629553457179,0.6932239171419641,-0.0466910133948248,-0.032652089922365235,-0.011298822159268907,-0.014038923472459566,0.16861276319873314
2020-12-28,0.016798273823913155,0.006267971818151674,-0.0064954551394880156,0.7100221909658773,-0.040423041576673126,-0.03914754506185325,0.01276342695763969,-0.0012754965148198752,0.17558416517100658
2020-12-29,-0.004530369644602189,0.0018439803013794538,0.007630960603107084,0.7054918213212751,-0.038579061275293675,-0.031516584458746166,-0.0057869803017276305,-0.007062476816547508,0.17065698766491227
2020-12-30,0.01023682909004857,0.02185108535068085,0.018157608760803967,0.7157286504113236,-0.016727975924612823,-0.0133589756979422,0.0036934765898768845,-0.0033690002266706237,0.15192401959880733
2020-12-31,0.0,0.0,0.0,0.7157286504113236,-0.016727975924612823,-0.0133589756979422,0.0,-0.0033690002266706237,0.14721318103350653
